100
146 155
187 196
506 519
393 402
679 692
199 209
400 411
459 465
36 45
69 81
278 288
43 52
484 494
369 381
100 111
515 524
421 430
546 557
377 389
125 133
322 330
577 585
27 39
624 635
694 703
240 251
292 301
19 30
264 271
180 189
443 454
114 123
562 570
341 351
268 280
171 182
603 611
554 563
78 90
56 64
464 474
165 174
640 653
527 535
349 360
666 674
160 168
658 669
591 600
298 310
608 619
436 445
533 541
386 397
234 244
356 366
364 372
538 548
121 128
702 711
671 683
414 423
219 229
521 530
314 323
479 487
334 343
567 575
615 628
583 594
451 460
599 606
472 481
3 16
499 510
285 296
227 237
573 580
649 660
900 999
152 163
108 118
689 697
306 316
247 260
62 72
13 23
327 337
491 501
408 416
428 437
211 221
131 142
51 57
94 103
258 266
633 644
89 97
139 148
207 214
