70
417 430
450 460
53 64
154 163
248 257
458 466
203 214
490 503
175 185
160 171
102 110
463 471
270 279
197 207
94 104
330 343
360 370
410 421
146 156
389 399
27 37
228 241
107 119
62 71
296 307
284 293
182 191
33 44
3 16
367 377
473 485
244 251
131 141
42 49
47 57
68 76
239 246
396 405
468 476
73 82
14 22
305 314
438 445
443 453
169 177
219 232
433 440
483 494
124 134
402 414
290 298
86 99
381 393
190 200
264 274
278 288
324 334
353 364
256 266
80 90
340 348
427 435
375 385
318 328
313 321
115 126
19 31
139 148
345 355
210 223
