1500
28 35 41 76 6 67 89 99 20 94 12 2 56 96 41 88 26 42 34 96 71 2 99 36 10 91 8 87 42 6 47 3 11 99 73 22 71 60 5 46 88 91 8 30 3 14 88 61 49 59 94 29 50 89 68 26 68 60 70 61 43 94 32 71 70 73 31 25 6 40 4 59 6 96 52 6 12 35 90 69 43 76 96 16 49 44 1 80 77 50 87 18 3 6 66 43 70 43 54 1 8 62 78 34 38 43 12 83 48 10 89 11 22 51 60 81 87 23 42 21 9 73 73 79 82 9 40 63 11 9 74 38 1 26 21 42 33 84 32 65 57 63 69 1 3 80 81 35 90 66 50 77 81 77 19 99 36 21 93 11 29 89 83 76 41 87 88 13 98 58 25 39 26 99 99 17 28 91 58 10 49 46 23 49 13 50 50 51 42 12 63 40 26 29 88 35 98 92 24 73 80 28 36 41 53 51 82 59 62 81 52 11 28 100 84 43 94 45 25 70 2 42 17 67 93 52 48 60 88 75 93 54 74 69 74 15 7 86 60 1 73 78 92 97 22 10 16 55 84 21 16 36 55 16 70 32 11 18 48 52 2 71 75 39 68 62 22 49 10 43 24 60 88 8 60 67 77 93 56 14 65 14 97 18 85 19 57 79 22 77 41 29 52 59 36 79 19 33 30 24 61 90 66 8 46 22 42 69 90 49 47 96 48 96 53 18 44 44 15 52 1 46 78 95 31 24 61 25 7 9 29 78 55 91 16 69 46 90 30 23 11 39 58 38 12 82 48 58 78 76 1 54 65 22 1 6 46 60 42 68 88 86 74 91 8 88 45 29 36 40 31 47 7 90 99 59 64 80 96 26 99 97 94 61 28 13 51 28 26 39 93 14 17 38 17 59 20 59 9 81 52 11 45 79 11 51 34 59 41 39 14 1 46 57 40 87 68 49 14 12 23 32 81 87 5 41 22 45 89 43 13 48 18 47 53 57 30 82 12 35 70 66 79 100 23 64 95 18 70 43 16 50 94 62 81 99 14 43 67 65 19 39 56 36 53 43 48 19 45 17 50 31 71 88 55 93 25 9 40 44 34 33 100 19 74 20 18 38 8 15 26 10 60 1 24 97 30 84 1 75 73 57 80 84 21 18 54 53 22 8 64 30 25 76 77 52 20 63 100 87 57 29 98 53 63 52 42 65 99 60 48 71 24 1 66 40 15 70 38 7 39 23 89 64 30 95 21 27 20 19 35 1 30 68 49 44 43 22 50 72 38 63 97 90 95 79 6 33 16 71 41 55 17 64 39 31 84 71 39 17 58 41 83 47 45 32 55 35 77 17 100 77 86 61 83 5 16 44 43 50 78 97 77 86 76 67 75 56 62 10 74 54 56 99 20 78 90 99 61 76 70 22 13 31 83 76 66 10 19 36 28 14 3 29 52 4 50 22 78 83 97 64 99 12 74 69 2 45 9 83 26 85 45 83 16 75 85 27 36 75 13 50 90 38 58 88 23 90 34 62 7 57 53 22 45 27 15 79 10 69 9 68 87 67 75 87 86 77 51 19 67 27 15 88 63 25 34 11 67 93 59 5 51 9 99 33 59 81 1 60 27 85 24 16 61 3 60 68 14 61 19 94 14 45 43 21 71 2 79 12 50 6 98 34 70 62 10 52 14 44 71 84 91 73 48 82 50 74 84 92 86 96 63 87 67 15 44 77 82 62 33 92 81 95 63 95 43 8 4 2 93 96 88 90 38 79 21 11 56 29 99 19 18 16 93 28 100 4 72 55 78 71 35 4 49 42 44 63 30 1 53 4 90 47 6 10 89 20 21 44 48 94 33 36 68 5 50 67 3 77 61 4 90 10 27 38 36 48 65 90 71 45 60 78 3 65 60 9 59 12 85 82 74 95 29 24 42 83 28 95 83 42 22 11 58 5 89 76 5 83 35 72 45 11 75 6 52 54 34 39 49 50 1 4 26 86 19 30 15 34 96 63 42 14 35 43 59 73 13 33 64 3 58 71 84 67 97 18 49 92 61 48 22 60 2 39 54 94 87 48 80 74 84 26 39 64 34 50 11 46 29 10 70 88 31 64 97 25 7 19 54 78 26 19 97 12 71 15 82 22 35 44 41 74 40 80 55 1 62 46 57 31 95 100 24 69 11 77 75 25 29 54 80 7 73 84 27 88 39 10 98 62 35 53 97 49 84 91 24 77 6 56 74 67 31 56 35 2 81 76 77 92 48 21 72 43 71 85 64 73 5 11 61 59 28 92 49 94 15 99 64 72 86 9 2 64 28 14 87 2 40 30 32 12 75 92 44 80 33 97 99 65 76 60 33 3 63 69 2 46 54 17 94 61 9 87 9 80 23 96 18 49 78 56 75 55 34 20 58 14 20 71 17 56 30 88 32 55 68 72 67 99 19 6 36 16 37 73 97 23 7 84 58 81 88 92 55 92 50 61 18 67 13 5 94 45 5 8 22 59 18 79 70 19 26 51 36 3 37 10 50 90 57 41 52 42 9 94 59 4 27 14 88 65 42 15 46 37 87 53 21 86 75 54 50 17 99 8 31 51 14 31 20 5 77 53 41 30 33 53 2 64 1 61 57 69 16 11 41 27 65 81 38 39 85 80 31 84 92 70 50 28 76 82 60 95 93 48 5 35 89 51 71 78 1 8 1 3 27 68 98 54 94 25 95 10 64 93 73 16 61 4 14 80 86 28 70 78 7 100 88 61 3 22 78 60 13 68 86 96 22 19 54 72 73 85 70 39 13 1 42 82 66 51 93 60 17 75 61 66 93 95 58 10 56 73 66 68 2 28 74 95 1 94 63 20 51 51 33 73 84 53 3 16 38 43 38 96 11 95 34 89 30 52 12 62 31 33 36 37 47 62 95 51 41 10 50 31 36 33 57 2 76 8 43 62 74 45 31 14 5 38 64 72 84 7 98 18 94 21 4 52 79 57 89 22 72 3 38 15 36 61 54 93 30 18 10 67 76 66 58 72 42 73 25 90 74 81 53 21 43 68 15 4 90 3 20 61 20 69 40 5 78 39 48 37 26 31 78 31 90 22 41 90 33 2 13 50 95 64 29 100 39 70 4 11 5 19 5 28 2 50 29 69 49 52 25 38 86 2 69 27 88 48 47 97 9 98 37 47 7 22 53 3 100 97 29 32 38 73 90 91 29 53 24 72 9 2 97 17 34 72 41 88 91 52 20 70 9 55 60 93 50 7 10 28 37 41 70 68 25 99 25 76 35 86 40 33 27 27 77 17 48 92 11 5 3 3 91 80 18 61 51 67 75 46 26 32 95 100 29 10 94 54 15 24 47 71 72 91 90 87 2 17 50 30 73 85 27 80 30 19 36 51 14 89 59 40 26 80
500
592 1323
1238 1346
599 963
1156 1403
594 1154
502 1478
465 520
383 1385
585 1339
759 1285
220 1048
985 1344
378 962
952 1046
998 1044
667 793
632 680
309 908
645 1405
275 474
86 1115
1251 1345
1004 1060
488 760
405 461
316 816
28 887
438 674
789 888
863 961
406 1039
106 1197
224 777
1063 1211
255 260
160 1106
372 1252
507 598
541 620
293 657
418 1014
764 1086
591 1445
859 983
99 1357
73 299
74 1002
141 186
289 832
879 1490
207 1082
204 540
12 728
743 1343
88 1092
897 1305
182 650
371 806
379 915
566 1177
7 749
286 1275
736 894
176 427
362 424
1036 1050
687 957
147 741
718 1241
284 1356
448 1273
496 1331
622 1268
452 1270
1013 1464
800 978
840 1336
922 1431
132 546
550 714
103 936
725 1353
857 1352
747 1200
255 1329
648 1036
444 733
931 1493
211 330
1207 1323
1089 1214
986 1218
1063 1376
40 283
286 1124
141 1072
1049 1415
64 654
244 1210
1105 1479
687 755
158 1439
437 1426
397 1443
318 948
183 485
382 386
1333 1381
286 696
286 727
426 1092
1281 1357
568 1472
718 1197
1062 1427
413 718
184 1297
413 433
443 597
557 1199
607 1028
626 1215
577 734
152 286
615 1404
98 471
206 387
1173 1291
643 652
697 739
632 1404
183 297
641 1096
503 1256
438 580
557 751
202 783
1038 1242
35 1489
547 1399
26 534
352 740
138 265
398 1252
176 328
960 1020
585 1239
639 1325
413 847
651 1465
1013 1079
1272 1416
605 690
21 66
507 1157
791 1495
600 1217
1195 1210
180 1365
984 1459
792 1377
244 325
826 1256
231 1039
505 1001
1376 1418
81 1028
219 376
356 1477
43 345
91 790
364 598
702 1414
1360 1374
394 1288
1134 1174
655 1496
209 1230
954 1441
219 416
156 613
560 646
668 1328
1222 1289
1023 1420
679 1126
113 253
96 1114
6 1264
446 797
317 956
179 214
133 1399
306 307
409 844
49 768
998 1230
751 1329
439 1297
831 934
185 1362
934 1083
51 355
674 1055
158 342
23 981
255 666
181 721
636 1145
150 1106
1012 1477
83 435
342 382
1153 1271
1 477
221 744
1035 1407
616 626
260 438
739 919
442 925
15 126
962 1081
93 399
990 1328
277 911
953 1316
4 1037
50 298
173 917
487 790
10 33
776 1096
252 1349
329 966
338 1308
933 1196
242 831
65 473
371 1018
571 1073
50 284
153 515
181 186
239 488
816 1099
578 746
38 1057
859 1419
592 1187
229 1073
504 517
679 967
611 1349
848 1264
280 1011
77 558
40 649
946 1205
664 985
236 944
64 724
690 1359
749 1069
454 655
248 1442
31 140
919 1132
1326 1337
617 947
169 1400
817 1465
427 1076
1026 1134
226 402
308 1462
811 892
644 820
827 920
482 1138
556 1341
1368 1471
862 1278
430 1121
557 1488
559 1022
631 692
168 1014
589 1307
382 601
801 1258
607 820
558 947
23 811
71 239
252 1044
523 555
609 1231
689 979
1077 1386
332 679
83 1495
328 792
120 1326
443 503
530 926
860 902
1102 1291
377 1111
471 1130
410 542
18 466
497 1421
27 1326
271 1348
410 567
662 904
441 486
106 109
681 1299
667 1108
317 423
117 313
958 1394
124 997
1065 1102
151 997
895 1250
772 1230
795 1274
121 357
268 1252
4 1356
4 622
506 1459
110 877
1008 1211
829 1147
76 981
451 670
185 768
920 1195
605 1304
1260 1453
653 740
193 713
323 329
646 1161
65 374
1242 1496
727 1278
1042 1214
464 1073
111 339
283 1247
681 752
40 1395
50 434
358 731
327 390
491 1003
1234 1375
58 549
104 778
514 1236
81 200
661 1396
692 764
288 325
420 964
590 927
575 1393
819 1180
37 1439
453 500
694 1171
447 560
239 438
827 1369
437 978
277 904
670 1237
866 912
385 708
403 1016
595 704
272 485
766 961
623 1454
5 1285
393 524
454 1373
2 716
1165 1416
181 1024
175 431
59 1484
206 1022
207 904
400 779
828 846
1018 1396
1049 1120
298 935
88 1490
76 1466
194 447
573 1031
1319 1490
398 826
54 718
353 1255
231 1346
610 1222
683 938
1152 1456
418 1012
594 1002
424 1122
290 562
401 454
258 1026
442 1470
168 847
1011 1149
1024 1474
819 907
357 1232
20 1417
247 947
195 1193
244 1052
716 1332
388 1103
781 1009
893 948
586 1147
1011 1404
264 1281
46 212
271 1372
703 1310
1088 1434
485 1391
851 1199
866 1369
852 1178
412 767
203 638
537 892
633 1195
172 398
737 1489
761 875
859 960
146 759
54 687
84 1355
111 534
235 976
142 301
916 1066
143 165
74 303
756 1443
383 473
299 1322
253 394
356 697
581 1052
620 1433
271 703
395 1381
293 687
828 1400
633 730
692 843
666 831
8 208
364 541
278 836
269 692
109 301
59 278
985 1254
5 928
130 1127
979 1373
594 1098
970 1483
244 980
217 1394
557 1217
116 390
583 1427
38 1219
909 1300
44 1468
674 1338
293 412
