1000
-25779 -57088
-99513 -62684
83420 50179
96165 -79440
-61902 -48089
65512 -96124
84771 -88148
85112 49368
99726 73570
-92621 55902
92052 75177
-49052 73645
-8463 62204
55277 -79101
-49650 23103
60456 -62308
36922 98790
99012 -75966
13528 74222
32839 -39543
-83469 21434
-55869 -89577
5479 -42507
-42460 52811
-18988 52260
-48418 19210
48382 -75771
-87464 -54211
-15599 -48386
-27102 -87832
-84711 -1995
-3907 72609
55729 -56378
58876 65144
26914 49788
-80033 97516
-78291 33001
-69190 41809
13101 -79700
27564 17734
-694 -40121
7871 -35472
-98059 25766
-90744 -29723
-81667 -3601
-9156 -27237
-55543 21749
43820 90051
44801 -46048
34299 -95444
-26321 -49585
85542 -21185
-97160 -62564
5904 -93700
-32876 -17945
98076 -85924
69332 -42855
20420 -28934
-89522 44468
-62787 17199
-25731 -5921
-66759 90382
-1267 -25162
81932 -84766
-13200 -38788
-4117 -21172
-4719 42666
8372 32540
-53255 -95713
-36778 -12217
64846 20709
64127 23234
-37157 62007
-64434 91308
38310 33641
-39945 -32989
11087 -6588
-97465 -72565
72705 13401
-20516 16304
-33049 -94961
-95426 -59736
80603 -62554
-10653 -16743
-80744 -23062
59408 -81706
65857 67785
-98911 79415
47298 -66124
56023 93455
-22031 11889
71464 13612
15647 -6108
-92321 -52001
-26289 -24764
53644 94487
95344 94497
22063 -58441
75930 29331
12837 37855
39891 -14770
-79997 -22105
-47089 10469
74354 92857
-39153 3828
65744 94032
-88238 4408
-98962 70008
95495 14490
66916 -90501
-80575 6618
59875 -33010
61602 11496
-82920 -33895
94096 43651
48722 -86806
-65235 -61053
77138 -58199
-42477 24096
16519 -9613
-66701 -85805
30578 -71536
96932 -23910
77896 95609
-46012 25169
53353 -22588
-26701 75970
-89850 -3140
-90372 71535
80314 80324
49182 16135
-21871 74045
81988 -32034
-9234 12263
-54852 -27372
-82231 89646
-36334 8285
-62402 -77465
63688 57876
77648 -81210
-41779 99568
-31036 -62025
37941 74252
-46744 -25182
71979 18003
-16872 36072
15633 76538
-66959 -47376
93768 7249
-16714 -65978
-67997 -51192
-21034 -62761
-20260 7027
23316 -494
-79652 35245
-23731 -91269
-20211 69399
-67310 -70533
76302 -44595
34075 19305
65973 27850
-32506 -99895
-66173 -23363
-41658 41329
-73990 72939
-76230 93298
98056 32399
-68887 -51002
51552 -18573
66704 -59250
-13524 32939
53169 22557
-36517 75225
9084 43970
69344 -14445
70678 99116
63695 80604
93053 -4936
-21891 -30404
47262 -88644
16972 47839
-99564 80097
37474 -88165
-52493 -9402
-18049 77354
55249 -60915
-29834 8387
-25003 -97337
30162 -76113
87887 -79076
94033 76677
93778 92238
-68135 -19783
32474 -24057
61435 12654
-38373 36714
-55453 15452
46735 6502
-39883 14212
6947 24471
26858 -27865
18903 515
-92300 -2583
82938 -1610
-55769 -60798
-14693 -70005
-94223 7230
-78600 74041
-72528 7920
24416 45701
-90336 -52690
75965 33971
32502 -77552
11913 -99642
60714 -40466
27219 -6748
-79278 6096
12128 -14840
90120 -33214
-72220 -13653
-22745 -25959
47560 -19370
-77892 -72554
-57440 -64172
-44995 53347
5419 -71726
-78257 -22216
84468 45248
48357 38032
-20834 -57147
82234 18564
-73316 -28091
-46891 9583
-50086 -92145
16059 93985
-85462 36598
68485 74614
65216 -85029
-52945 97558
-81879 -88932
-47522 86824
-93120 44920
-51176 5836
-63984 -61348
26056 -56671
-28959 63019
39678 33806
26953 86790
-1239 56980
-28942 -32335
57004 97403
-52820 -56704
-60965 7166
-54876 -7815
-98053 -36228
-77638 42662
-430 -37926
31501 60946
-77610 19593
-46960 -73730
-47984 -56394
-34909 -62520
50460 -26965
79299 54410
-18623 28545
-19668 -83154
-29845 -62162
-10433 77840
-89241 39733
-48577 -46611
-26556 21316
-60962 -19854
-13071 50670
-69780 16146
74536 -41848
82987 -12837
-70234 66233
-40358 30681
-96722 14142
93776 4642
-2682 25194
-4834 -91544
-55429 -32699
75222 -8573
54825 -76132
7475 -66352
50440 85216
2438 9942
43417 -45993
12267 27164
86919 11533
-18329 -82672
-67999 -82131
95817 -42481
2527 -64424
55765 18140
-203 -36763
88624 -41254
2186 -34569
-1306 49067
97560 94311
-28212 76354
-16998 -59303
-19228 80568
1202 -81923
97320 88115
88638 -82416
11883 -77197
20896 -87443
80311 -65707
-93444 -5915
45184 79008
-86561 -64610
38728 96315
21842 -5038
3939 -28251
-21496 91610
-32921 -19853
27113 -98511
-64817 -70869
-79939 -2844
-52978 33701
53798 96412
74578 -57666
-88552 74924
-80724 -30593
-87507 70550
-43982 27874
-36692 -64190
-57868 33769
-688 13625
57673 -8018
94810 11831
-61904 -90676
-13606 66025
-23984 67825
53749 -52233
4483 -84034
93236 -74730
-93769 -81158
-89084 20436
-34269 84452
-45764 89805
-80823 -20069
88738 -2121
52963 -74384
62868 66111
-60107 -26400
41270 45909
69568 -82133
68936 28460
62792 57217
23506 -49143
-3269 -66814
-34519 -60132
65237 -45469
70204 71856
-60658 -10422
-53051 -68040
-11098 -7211
7364 -56443
6480 -1965
-46663 99341
-98889 -22071
51998 -3796
-5256 -99470
72441 -29178
-35525 28646
19294 56694
66672 83590
-23078 27086
-93516 -51844
-74206 -421
10654 66511
-69820 5984
29542 56570
59626 -18050
92978 35027
72048 -47382
32852 -75678
17881 -64977
76822 15829
26597 36916
1051 61846
81653 -29689
-15966 -58094
44782 -21993
-15463 77868
-86151 77530
-27656 63740
33702 22841
-32988 12042
-78503 -74092
71443 79604
74164 -65186
-26897 58131
27090 67878
-62065 80127
-90309 -79099
-25240 -37015
83623 40387
-25979 -25637
-26906 -58813
-35062 15388
26273 -18531
72641 -9242
-59935 -6725
7296 -76300
-6985 41162
9670 85656
65041 62129
11694 -97817
-10863 35904
-78462 56310
-65017 1906
-64111 -78834
-79721 -77017
-70390 -28668
331 -94443
-60839 -32484
86159 -19481
-190 -84605
-44426 -89037
3031 -49286
60731 80078
89710 -82514
-10027 98562
-40244 -28125
-51144 77779
-82674 23587
-6593 8682
33141 16054
25123 83766
-88062 6890
45951 15384
-5737 59592
-92425 -98207
41641 -70755
92177 -25368
13377 28992
42435 -12992
-66264 98171
-6713 37514
34252 43351
47193 -24144
17758 12366
63395 89774
-35689 -54081
-44199 -70490
-98602 -59870
92141 10113
-3095 86178
3089 78037
-83499 68976
51025 34671
5104 18378
39970 53980
-36894 62462
50849 -73980
-25670 -98907
-58344 8940
-76068 -53753
55508 -45891
3902 51729
-55628 -10985
-22170 30115
-88561 54235
72860 87902
-65646 48494
30633 57443
-31130 -91337
63522 -17191
-96120 96676
-66347 70963
83217 17646
97260 85286
-28790 66912
28875 -55670
14728 -29841
-88450 -10349
-86535 57908
-55050 46418
-46152 -43221
-40997 44568
-71170 -95074
28127 58423
-81743 96364
-22538 -94336
90004 33409
-76208 66323
9714 -11001
-79693 -94171
24700 -39602
65563 84619
-75396 -3210
10628 -997
84604 17471
94099 -31825
-94263 34223
-80895 87188
-33935 -65843
61799 60282
31577 38873
-38543 -15163
-34384 -59701
-72901 53369
94898 -23326
-85434 -24508
87430 -67884
6815 -73568
24941 -7514
-92015 -50979
-53698 -82116
46676 -89076
-52492 95615
-2580 -77921
-34403 -81293
-88128 76230
5480 -75389
8457 84995
-43443 17190
57087 -16395
24829 -45503
85804 80252
-43884 -20349
-52192 42352
84609 -94994
2655 -69336
-57011 45709
76095 -20398
-18811 -36405
-18859 -44425
17935 26583
-11202 -33143
-55457 2947
75110 45344
80278 -26057
-80955 24420
9000 98039
-91458 -35590
-12524 -37301
-53709 -85467
-59072 -15263
-85539 -6995
24047 43933
11973 -80148
-81679 26887
54260 70413
68310 -72991
-74561 -33654
-81992 22210
-69043 -79585
94500 31100
-58867 -70049
42877 38244
24578 41711
-56369 -60912
-12385 -55434
-93795 -35615
-16960 -52334
29243 -22879
37463 42336
-23951 79112
-8559 -22726
-57447 -56059
-6365 -74929
-74524 -78358
42373 97810
-38402 -78870
-5638 -16888
-83480 -95480
71440 39231
-23050 47540
71803 78471
65976 -97186
4109 -24009
97062 -31627
-65801 -4122
88811 -78821
-93600 70998
99425 -51343
-22883 -82253
92211 -84299
82420 73421
50368 78842
52785 90596
26035 67630
-30900 -31712
-85773 -13993
31225 68708
-19145 66625
28295 -48929
-79822 14872
-2406 -12321
34418 -83579
12490 -5813
30860 -24056
62187 -70008
-88403 -40082
-8861 19601
49699 -42853
45211 -62922
-16539 29508
82024 -72590
-36895 10818
-38561 89882
22470 -83432
-71505 17612
-35136 81877
10344 96395
23817 -65638
40582 -44877
-58469 46872
-52852 86056
13697 -33234
99369 48500
-99064 21308
-16111 -63382
53062 -53276
20961 -94318
19993 -70035
-60280 38688
3885 50646
5530 -66331
79475 51517
82509 34256
61609 -72305
91886 -62435
44383 -17966
-26756 -27929
29848 46353
48108 -61274
-15267 24691
-19007 7897
-40350 46557
-4490 46219
27600 -47225
26979 -39688
-65123 45654
47833 25000
72089 19366
-19708 -55022
-61873 72238
18142 74005
55223 -15805
-32945 -41371
-88682 -85172
16818 10523
-18487 -22377
-13361 55411
69176 -87818
26991 -71491
-54200 -31155
-24619 -35471
66299 31353
25859 -24202
-82854 -72676
48799 64539
-16696 -17394
-88539 9644
-37664 98762
94988 17658
69585 -4776
-16145 -6996
-17902 -35024
9422 69868
76877 -19815
-3107 -88332
13740 -94552
-54904 68038
36751 41318
24371 -87232
-75784 88944
78794 87102
17383 -25860
-33885 22435
-89632 94316
-54132 98816
78543 -79549
-35823 -70906
-66444 39101
90686 22568
-59027 -75380
-47129 86796
-28012 76339
80849 56524
8939 39920
-9683 71070
-60614 44000
53515 58004
38264 66052
46103 -91906
73009 -80664
71351 -20874
-78133 -82538
71745 22623
-80683 51771
17833 8476
90747 -68187
-58985 -68597
-79828 -50724
54561 76186
-50795 18267
-74923 31835
-3866 -1128
19084 -89711
-31566 -26142
-39598 38333
-67631 -69909
-10784 99606
-3273 62982
-95063 -89210
-55012 -83965
-62809 -15067
-71618 -8505
-63991 69506
-30653 -60403
-80415 3559
54076 -84445
64567 42419
-63410 72876
-56620 36936
17584 77074
-44415 -26839
-51918 84300
-31733 -85444
26362 62772
-87251 -69093
-69052 -74837
80188 -17091
14999 83713
11848 -68406
-46144 -77463
83424 10661
-35472 98279
-39546 73338
96361 76577
7590 87049
49773 17798
67067 8762
99633 30305
-44477 89946
-90071 -18092
7607 18614
16081 43879
80846 -28939
18258 -98035
61002 -19559
-33221 -66304
40137 29040
95558 48986
-26903 38159
-6676 -3887
35331 93025
-69856 46250
18206 -5858
9535 -29431
30643 -76033
19976 -57478
-77802 -15954
51085 -65067
-37175 -97990
10333 65163
98409 -14110
86018 -18138
-31747 8026
-68194 47840
-89997 -55599
-94069 -49685
6113 -81987
15147 61286
-7638 -12474
37184 -57848
-23217 -98239
-77523 61427
60454 -67114
31324 77570
-90675 85443
30795 -60774
75043 -94848
-26880 68133
67072 6905
37705 -65778
-25687 80942
-14806 20585
-66682 3111
46933 3171
85343 -80363
22894 -71068
-11309 -41324
33111 30057
-27253 69650
-87634 6027
63416 11931
-60755 91223
-63607 -44787
82793 -43043
81081 -32469
-87716 23566
-95137 -68841
83125 53536
-72453 67019
2118 47026
-10595 -55290
-39789 76233
-87298 79388
94896 7590
-23931 77837
44654 64509
-71334 49404
24673 82125
-74991 -38324
13983 -68257
52171 57112
-63579 24286
95314 -32334
23857 39043
-23643 -78831
10017 -33060
7306 70503
-38349 -20170
-56954 95617
51182 97479
-84036 -1047
50126 48475
30211 36136
36362 -62060
-7655 51569
-38070 34220
71459 -8260
-65941 -74656
-8728 -26285
60220 -55144
21655 -69753
39278 -27525
-64827 -55762
204 -70765
72633 83091
-63126 -63440
36984 -42150
61919 -73653
3642 83237
71304 36535
-94575 11164
-38417 22535
7708 -70885
-54609 71545
-67463 -50595
-95521 -43726
-48695 34883
-35167 -68098
-65819 -96629
56172 83327
50250 91212
35006 88801
-29442 17664
95625 29948
76278 17543
16451 -77953
-29381 -75800
62523 -82017
-48788 -91013
-99411 -81561
-96794 -21301
-9104 50347
-45824 97941
-36840 -91348
16969 71754
7392 -46266
-88564 -42206
-57373 6563
18280 -81010
-50551 95716
-80385 -19608
-40216 84419
40159 60860
-841 -26347
-43447 -91448
48943 36830
-17938 83680
-92447 -15843
-3230 86090
42432 -79271
-76605 -14923
-31493 11527
43018 -12169
-6189 -73297
-75114 10260
26118 -85814
83643 95614
-86008 64364
10906 56005
71665 63977
-9953 14634
70819 -79442
31298 -95461
-78688 -52571
-10117 22334
48969 48897
-30849 -58327
11425 -59140
-33965 -22866
82656 97813
76329 -4268
23165 -7420
-90934 -99813
-59073 -61955
-33631 -18422
-78392 -79041
71323 -89687
-27233 -36054
68248 -18582
-28622 80800
30049 -96016
50604 26213
15328 -51197
-60379 41930
58335 -21532
-15035 10828
36525 -27074
-13594 82261
-98992 57801
-16607 -41997
-17715 99219
-6309 70301
-67394 67519
58346 33270
46102 37583
12420 -45952
-58454 39681
21931 -36666
99887 8985
88450 -59236
-23649 -31404
4585 53410
-5768 40474
60860 -265
90085 42040
67903 -76480
-80733 60175
-30605 19828
88931 27945
-92743 -54745
-92123 -64563
-26695 14859
73712 -81785
5565 -1111
1340 40758
56331 47161
19119 -77163
2533 40911
-19721 17445
-64584 26610
-54839 31199
20977 -66530
63687 67229
9693 48846
76485 -24527
-18672 -23035
-12840 98604
-21261 69181
65436 -62448
-29360 -92437
-98976 75556
54902 -33553
98615 88659
-11819 11465
4083 23342
-89087 -10012
98579 95964
52074 -2597
-59700 55482
64460 -66653
-34948 -43476
73272 -6132
-95099 -10444
45852 89389
-79223 -38996
1812 -80976
63689 -35199
3574 56533
34243 -3451
81660 40241
50713 -19429
87992 -22256
93491 -66215
-5245 -13759
64256 -48886
31147 3024
16683 13688
-22407 88997
-8182 78128
78840 -86797
92724 3207
18479 86569
77986 27132
-50483 5102
-46188 -87908
-83742 92326
-16389 58895
