1000
738543 -181161
147305 954075
794287 -157469
-471554 994581
470372 749164
573749 -915341
964225 -701744
801975 -693209
-159069 -103137
815604 733932
407899 -618677
961389 317277
-43963 648826
-984357 -205550
208608 -162221
83454 314045
-112090 -988214
-792395 -160908
-504851 -514879
351421 -949742
-669211 -547181
530868 417573
-670201 929898
504671 -688080
274199 -75361
-924164 981159
-477539 -535368
780793 846117
214240 932983
-980991 897194
677177 124366
337238 -135613
-682645 -444344
509245 638052
826160 -952790
-805230 -791253
-767639 -220609
636555 -654492
-626475 712429
-457183 754595
-564469 -651546
776765 -45347
-846003 -787983
679132 -377827
718461 -104747
-401922 -520301
-764559 -653356
623135 -4705
783976 -930531
-580255 -738598
764581 792387
408298 -202005
115651 960129
-291892 -881530
-323669 -285983
-851291 312358
-762439 67415
46213 515642
589717 -546753
-714600 115731
533240 -78129
752215 -873691
217997 552484
-906379 -164008
934186 -572083
-89807 567855
59122 -515744
433872 -101553
-394446 172121
749993 398059
-671574 -920840
290560 -743108
259176 -504008
342736 707887
-493138 483205
742441 19057
-182199 -730118
-719311 -156356
-279522 22818
-587420 580011
482985 641524
-524478 627174
-652309 898930
433023 918441
-405210 -678884
-924930 -175814
-915846 891885
51254 91705
154123 529689
67622 370931
141889 163141
21839 683050
509792 -539368
-323379 257523
-652231 720454
497325 -409137
-435936 -381505
663032 -339750
764326 222093
977688 917603
939508 415202
-65451 -873977
-39318 -709940
-430948 -198155
-226408 -905352
465700 578552
-743298 -291064
864251 -308636
-504942 -956927
-424410 -845686
425282 -105359
-302496 -418833
460234 548059
449655 -609725
-187034 -276668
130248 739227
444638 -684783
684766 911099
427375 -438125
20535 -420884
-996714 52685
-374424 -699721
409157 275950
-384794 -752270
-836168 -621291
441497 652935
88385 -334540
994532 696891
-616821 -839997
-411583 -164344
13108 788449
-51050 -579410
859313 257936
407339 916791
4820 -197133
840211 -350268
-942579 -931809
-725214 -762116
-684263 -954362
123748 -564390
374261 -345544
-749988 -134184
314139 355482
-763446 -25804
653299 546050
497983 -80296
-125946 -686060
940559 -133094
-590674 -54165
-472450 990426
-905004 -940853
-648948 908651
759145 -389492
-560569 621583
-953633 304618
714115 -765434
-377446 326204
240726 -406122
-684789 567634
230041 9979
117074 -878898
-157952 -385862
-945525 -68137
-209380 139212
-712096 -727985
378268 499384
943342 -31345
908722 -447680
837618 377448
-474849 -338538
290139 -500605
49587 -953102
-388926 -898535
-821843 701792
551450 270515
493042 561928
-143926 -698032
178784 -494037
596337 46099
157614 -595812
-900894 495997
-541587 -988626
-951429 673095
-764030 116353
-20147 -549544
437108 16241
-25123 315838
225363 117140
-842471 -353569
-391273 -235523
-85787 994756
-260029 625706
651407 137358
606380 -165828
137472 962536
770783 508570
-155787 -973942
-60658 285044
960978 -42757
443328 916941
-861643 -942314
-248665 552195
264674 340856
308169 298923
999341 120116
919458 -156587
-917996 372477
-219611 390032
-115921 -493050
114985 -166090
246088 545517
-371109 -597849
-335370 -776169
472362 445856
-41475 623126
-310505 -569558
449901 659757
-210034 850710
-414966 224441
-922814 -360077
659687 613116
-173188 515854
-962523 586295
-442704 536526
405431 -691217
-957351 423009
-936616 -624450
836357 -893993
273106 502352
-829192 -537001
186113 253559
50607 -84267
550213 744040
-820625 72615
-643050 354880
7678 382733
361752 -446064
899888 231500
880289 -767051
241532 473895
-824804 -340858
-545304 -874366
208524 922765
-563709 -504228
529037 547228
-726746 360205
323694 -707193
311567 -83049
-792043 293865
-602833 300443
-175999 999539
660549 379285
612138 -191930
-973117 468413
322008 868152
817450 -518913
-603950 -285445
-765476 -544856
588690 -307181
938148 852972
198455 508536
402960 -666836
654318 548621
-858544 58513
130966 -562091
-463229 422483
453495 -470729
788706 193641
996559 849063
-99710 -37204
-767178 -681377
-253153 1798
-482525 817212
94503 160165
650 -326406
-293976 514439
-497668 114927
942424 398928
-882175 722979
-252971 -928619
950126 363347
321912 -790639
756652 87604
-725883 691699
560748 -637838
-848053 63358
683940 423992
-42357 -509437
-130186 -846042
776486 722668
-792288 857561
-444511 825203
395728 -629458
68908 688191
-970583 336297
-832451 -743828
-284748 -67382
319237 -806524
346959 -107061
90008 433593
612607 -234463
19610 -209414
856710 523934
175330 -835937
-123869 -310929
-243057 -911692
172680 -622935
438046 947326
-985683 122378
-684499 -830854
-148163 -941238
-475494 191917
133278 547215
-245519 -349440
3274 -157573
793296 159137
-514281 -562340
898961 -834502
-949296 366871
329495 -581529
139152 -872911
175724 -284184
719979 286864
962274 79636
206197 700820
-406538 318176
-425409 636593
-282745 -7497
-642338 -471211
-703339 65453
-63702 -987839
752007 -402867
-430030 -203109
201613 -317398
101300 119664
162579 -358583
-151989 -788832
8257 855247
-110777 520047
912443 -493866
726893 137898
-976606 -216814
530574 11235
663618 -326696
-41731 968009
-273546 -36291
156829 -900268
795443 -903945
606833 -689108
-851401 956652
-68168 -479012
-130136 918529
354724 -393850
-909555 -183837
-569882 50093
-67738 904290
-287678 -948233
730192 -523338
369977 -883628
54272 206339
248109 -488867
-503041 -221489
-760317 297614
-182274 -734693
-517 191172
-838667 -995536
277118 204431
-291654 -942254
28154 -526477
-285587 -657983
-300290 -306229
73153 631718
-153534 381757
-567483 -465262
-133777 212245
-132799 801213
627446 -899973
914413 -837400
-39596 658791
-451904 -616100
-610553 681819
981716 -561391
-540557 749791
-838533 -380174
655929 10439
-197376 -46538
224947 691055
-538312 -271784
-29577 438897
382541 -67325
331029 -640028
-680161 820014
637495 -540401
460570 -566923
865390 -737455
-886095 -496666
720986 -877304
358822 665443
-761320 -871127
-418496 625548
-352792 487907
628003 -403940
-888983 860134
186378 630788
-613468 -105924
684203 614301
409607 -649078
486327 -374797
256648 -106585
96816 59237
-912565 -281787
-77860 272434
52226 287408
-15670 402836
-837414 -159962
40725 385719
-604101 577632
-269014 173666
320621 825229
-689806 -173241
-873142 729422
720598 -540375
-679455 966081
67211 -693528
727122 428816
-254119 -307497
-797815 218772
-97246 643414
-686505 157250
481733 -638472
-723451 -638392
909935 -334944
-404759 261910
-916159 241677
-961710 -696862
-182982 862786
32112 629229
-587005 873821
532022 -783906
-216640 -534981
979444 -873831
-634199 -422493
191883 331660
30662 -319510
-736093 -22739
101331 799910
630288 977578
481234 102410
509515 509410
46465 -699545
-20838 606693
-643051 395477
-715951 -429110
-593352 -525395
411769 792467
38358 -361297
582259 415522
984487 -663905
881329 -618855
-55471 -215461
361689 -479040
-465711 92073
895235 610865
-998961 -763690
-528007 -711088
-480508 -933448
432581 -313588
879800 348669
19133 988208
758670 -870694
-164483 583216
-90547 -593186
-688669 -779776
-378213 313155
-269111 -932607
-815 726077
-183382 937771
740466 -631827
519199 -832124
626131 200247
251419 -708679
34466 -914412
-506974 -534974
-820946 -289338
812535 4039
-339767 448482
466255 443436
440629 259540
-474790 -848137
222716 -549997
-27313 258741
529385 368180
534961 288636
551363 -610095
-866451 116625
-764395 59690
-650599 -302651
168872 424657
-520219 -989844
-192458 -141586
-858417 -437689
294820 87745
-554897 70099
-243551 588885
551353 153115
986800 418374
-587426 314296
-755095 188674
343703 618101
995265 -639777
395184 490820
-576791 -325891
698291 -388906
-284457 -945027
812883 -69841
741715 766064
-960448 538748
-117694 161733
-943597 -309830
966281 -74198
909883 -487357
-464856 702240
-483292 669509
917617 122086
-508399 -649916
-299457 -589115
-648529 133310
-695554 -424685
-835458 -761050
-116084 452223
-294771 -310204
-778041 -668809
-431847 -160640
382795 403691
-177767 244032
-446891 468322
-836201 836871
565223 394745
-306622 33841
-618338 35172
3227 69838
587687 -802116
938091 889039
-180901 -997304
-422309 -172778
-162508 342648
-925398 868536
412335 824895
-569659 -793562
918949 -616600
841300 -578649
-459302 251170
593435 -432076
-692741 253710
-130722 -399393
-202291 782340
186293 580112
529382 -193224
-819857 -951660
-230440 701711
-766211 619632
163901 -408991
-625386 587592
998040 -74406
516749 577932
-376426 274962
-87139 322699
991517 -848617
280365 -759366
963501 -648376
993102 -271377
594609 -689973
-879364 166053
-824885 516295
121857 616103
-421401 -889954
-370311 -553009
411286 485761
-94884 -473388
-743919 -139859
689270 -509946
-703407 847209
-728935 -300366
581015 714080
485761 -312158
327152 539154
-704229 -670287
292660 574111
-358536 716297
-387768 956386
889769 -634616
-113248 -697096
790144 560743
115202 -428459
900392 395056
574650 -867425
776751 393324
-685596 983352
-333235 843344
812531 -204608
172746 -977003
-174448 -940610
-323750 833697
-80776 775147
255001 -328514
-221999 -121070
10772 499649
-271909 221577
-179753 -211209
752751 -26359
105472 918289
278965 -705070
757001 -94680
575842 271390
949460 -32477
-133591 617113
200527 -474510
-661432 -859564
49438 61410
584631 -284213
-587412 -454229
392469 584772
23849 -270921
-649489 167917
-789566 509849
-233335 -93118
593330 -715706
-110197 -857079
626332 997814
-990589 -194746
-932673 -876898
363981 341283
-265218 -54576
-620309 478918
-736319 -265923
322265 -428005
832792 -6600
-535028 -65415
-41764 378906
896645 -14913
830473 204754
-526849 841604
338775 19446
20913 -143304
525451 167524
759324 709914
-337121 571336
146857 -782187
729268 -661360
14905 432121
97725 890977
-344013 -871324
812827 671275
255180 -44833
-376112 -59382
-264546 -872533
-32590 -224101
869368 -226026
-427059 -478648
82339 502474
879039 946736
-372523 -933398
-909718 -846687
-626965 156857
-793857 -162996
-729846 315262
651746 505715
533850 -688780
-706541 -756145
209387 591814
247072 -192048
-646021 684256
372354 -409877
-246029 167151
-138322 537483
987901 636111
-891835 -277547
824132 76557
362219 -453314
-898305 -153005
350742 -163782
591743 -357081
130893 400113
-194015 -635690
476164 -119026
-430988 222161
32008 104709
913757 -137828
-634537 733937
67665 524959
-999317 -670232
-53256 473126
-425384 993534
437413 212226
113642 -457454
-690498 -855554
-502221 -91900
266564 -549824
754293 296606
-247493 128047
-123068 530359
-109298 769174
532070 -767199
-525715 -430334
-185383 -420133
-203720 713145
-362159 104099
-720729 440575
-155397 -784679
-251747 -891751
-465479 326124
-932943 -737675
-422429 -558335
699100 713497
-561508 -173467
-26408 -674247
540967 -650946
483639 420316
768536 -780591
703123 -790960
691691 -508143
-476773 -897240
522924 174062
-577042 80479
-42713 477014
-22789 47203
-623243 -258166
-977941 847197
652956 -377116
802270 -935106
783900 150095
955732 -207670
-390663 -498957
507758 -693971
663197 -295383
-142251 -327485
921754 -112201
-37484 76729
450402 997948
854151 -519712
277388 -457957
803711 117623
475859 799287
193499 406745
-851977 -616496
-114213 -299439
-404857 404146
-956476 256855
-535240 -3044
-925796 -938343
-561407 39459
400955 -177834
-776107 -315636
-950798 -960066
962710 752363
689513 -257397
-2656 -283454
936290 896196
374193 545122
-111851 -211784
581228 -508813
571015 -968669
452974 130259
-594175 -228773
83127 -971729
757536 99946
-487917 440906
-517268 -912252
275755 747045
104982 -847893
327972 -468203
-515806 445949
140260 64537
-691606 -407314
985846 360519
-834104 185968
-505630 929810
754350 954732
803446 -132039
-926613 651512
754409 517854
405378 460104
817883 194360
547081 -801303
899089 -640704
578574 712985
328256 -513386
-325067 708181
747594 168346
957898 319321
-935113 703254
-568597 342268
157403 -668626
172866 617590
-481359 864340
286456 -865606
569750 -892292
-645167 376465
-676827 446023
527933 572432
107966 418205
-37613 -195515
950804 69170
545456 -231411
-375688 778047
-616722 62870
-659167 932328
891613 -28
398523 -347224
-292205 -839263
400074 -803294
-448596 -927658
372935 -805765
149410 780320
-880055 32169
-661821 -460646
-687295 514216
454645 -240023
494231 953867
509792 -831235
-971536 10103
164824 641821
-237617 -926337
-288074 -20860
-912392 -734851
751924 18631
579338 -626557
-437643 -101393
429352 62515
-98129 -629721
986196 592000
556056 557610
955657 -434487
992229 -232627
281715 -739992
-947205 -122887
-383911 -390972
-49807 -589609
462949 311352
-930645 -302050
340475 -138564
539680 -482225
888445 324635
-231053 -883418
591244 187054
-153282 -710240
-994986 -343371
-972552 153426
-192798 367718
862639 -548779
-259598 -609358
822259 -897668
-82432 -107554
-453389 -7531
602624 821642
162559 -412381
-430728 892323
-827306 -474587
-325427 -792549
-927771 -726413
219102 119723
-460067 -817369
-168951 920852
-815524 460866
-183727 654215
321207 -394304
89996 -202863
-432044 -525631
906666 -358899
861827 -807575
168378 -648590
-860812 -65977
-937379 343794
-334146 755847
638631 520634
-719725 961576
-786423 -735942
392165 -798003
-824782 810602
369379 948831
-200970 -841730
440861 649083
173070 -628206
748623 813714
538609 -935742
179270 964290
816151 707991
363074 -644414
994522 -831088
782772 -976657
-295831 32007
72588 -442157
-471218 -501889
500099 -298463
-139511 937903
-844959 -936827
-869888 258857
257914 -723117
762844 -575820
844906 -70706
-531632 617317
-473098 -593483
525584 2957
895143 -686321
292612 912719
877738 -548735
788090 -248982
79397 -356788
980847 -6769
-463432 -834394
-326244 -554269
-848559 -562331
-114795 172241
360996 -758808
393424 -589835
13933 -505995
-614880 -348093
459560 -565708
-507496 -560359
708797 35538
227668 188044
-840372 144051
500705 -779855
-737169 181347
161960 435283
-96783 860439
680708 523023
-925357 -95794
-94407 -89727
-168127 -480567
-317586 -261570
374691 -941801
980351 -618661
-656884 343147
-338841 129976
808213 -565131
363767 -217170
337915 -13009
506567 883318
239251 538025
442675 -519501
217554 -467790
-766616 740116
-253437 292007
156660 -511047
-897013 -718744
-802631 -366046
-920091 513742
659392 974002
-672327 286044
-466421 24829
727761 -566229
209630 248051
-82909 263430
-203025 -4030
-85789 871434
483016 -648719
854666 -856892
-818137 104620
-312125 711596
-568812 471225
963425 486237
369063 -52014
812801 165379
-904592 -986147
-753156 -74274
-846033 355955
-816625 55587
422659 -745801
536454 -131247
843433 557581
-524951 729067
-5778 365042
-33429 864666
784746 -102312
166323 -994571
130510 -815614
-305524 -840475
24387 743475
432788 -577690
591741 -145747
-682726 255084
351862 824799
-946076 -300834
868688 238784
-29452 447597
757133 -126806
-249362 446551
928187 -289273
-691815 -30512
496178 -591539
-838669 -995125
305545 197800
-145858 -82644
-435826 -652094
309736 -691106
151156 413700
548276 -581361
780875 405235
-821842 382551
