1100
17854661 -15932215
-74759148 -38023463
-65827765 31071378
63518781 -12722284
72500072 27875514
26917266 -45888150
-46584612 -6261041
65350071 -55093056
-54675985 -98450921
27579965 -37936781
26818617 -27690716
-32215145 17132894
37609139 -42178575
-6786815 -17361907
18310099 61915378
83080592 84223013
-60443701 -68245100
83318693 75235327
5551380 -34969445
-22796932 46096203
38425475 -70510380
97266149 51542027
-54292756 -25228132
-25093714 3425369
-39756171 -79427832
-65674947 81208515
-80570201 96775703
-5223418 78838926
30405190 -84998787
-50082118 -3587901
-79420483 28175970
49501906 -4526680
-87178707 -28141163
-48634116 -746732
-72044088 -89759705
-98846407 -14325907
78801088 -23917748
-24556642 32515405
74802117 -24457928
-36225669 38157716
-61485967 16843376
68870370 93788768
51250069 -54451382
-8309664 -13567474
-29081399 70543236
-34341697 -4386720
-57678629 -79652928
73054263 -57672112
10341973 20482834
26728960 52384230
88878219 -55308629
-66900776 51260478
-95319069 -65517324
-56561324 -30195699
-28260104 13811558
-13627270 -74185301
23695547 55797391
-12471703 95681339
92253220 -84477989
-80218164 -45452436
54463199 -46600296
74351954 -62882727
83572896 5575625
-40913101 -25565899
58841465 44417238
38406087 79022773
-68655133 61782918
5491521 34912833
75008356 -39410859
48063877 13239518
5200324 3479860
30308625 -72533880
-82986161 98495517
6052560 25411642
62531242 -99609707
-59748709 30223509
-86626719 34101514
-34249887 -24367129
-97015306 45180116
-10926752 -89567042
9198409 -97680541
42197901 80052865
-70040956 -37005711
-98482640 845218
-17352196 5059164
-84518940 -91517802
-58314614 41302669
53371241 -26178061
57625986 -72594086
32502829 81553978
-63956949 2223219
-62623053 -97767730
7855997 -4706221
66718670 -68463655
17572871 -85344721
-55686692 20404142
-51269193 44770773
-16344906 29547610
91167211 -86317886
30697903 72868661
62432358 3656802
27981650 5425844
38859287 -89796894
47503428 -18262999
-48663462 62550784
82456169 25837710
26347748 4568865
-23540868 45914151
98819274 51646136
83823809 23133634
-68698938 -95514126
-88031792 95435089
-5226224 -55906101
15320849 80140965
-55239568 54226024
87695042 -3557916
-25207133 23704728
41161464 -16731410
-60455575 47342925
-38120424 71403407
-44129483 -99671263
26594242 63767143
55251978 -73741843
47291628 -14763659
-65572990 -45028439
22110298 -17339433
-80160615 89487598
15285103 -92926849
-30341510 -50939594
62502532 -82263682
-46290036 97918481
-43775912 -84442434
16516634 65884152
-96286415 -43476952
96207696 3405229
-81615712 -67511732
-42987729 94316683
-28535872 46909919
-4235764 -43353987
-95292445 43519167
-7212934 -23337506
68266753 -61401023
94128375 3821617
73354154 54013519
84128966 32099086
41736293 39641556
80514865 75039573
59562081 -53356983
-3105622 26080120
-28573324 28013685
-11141062 -91412493
-13997825 -95581864
86490560 17044065
-66056233 69002918
97656153 99357327
-75436319 29832158
80618073 13330300
41299952 61843286
796878 3581501
-38552415 -11685958
-17184522 -9192269
75325211 -71925810
96524866 38456468
46581515 45128343
-25475324 -81346927
-89443056 51695947
-95089397 39564421
14326463 12464768
-86724529 27167421
-68573190 32272637
62252191 17548079
83093271 93415346
-6255726 -40674894
72004066 3498750
-4796724 61260054
12164119 75319914
-86492546 -28615203
65528699 55244388
-26727790 45985253
-19716901 29031495
77327368 -19593570
54443044 -65430389
-40975443 93307238
68018590 67721381
50664593 55335688
-47572489 5166873
-69084555 -49462028
-41440642 -78996314
-54084835 16191491
49612383 -58485230
28500209 -12251362
18202136 61582750
79940997 -66047276
88504320 24419561
-95002469 188433
-3904779 80020165
-16953263 -78053004
84107160 83988806
-5544589 -49384578
-94804779 -99273587
93658288 -33404911
55584542 29095552
70501946 54099926
79020048 -61394828
-78999324 -28483356
-48712044 76236660
-42320768 83352923
71021203 22991722
-8184489 -62447541
-32829934 89456530
216581 69536007
48024104 -21341978
-24596496 92733679
-73758249 21297732
86427255 -13264530
67714377 -85975222
-88794637 85449267
9333703 43423384
66177304 -92193376
-64639544 -51661357
-71395829 -88768149
-76898561 27991094
57821631 6782344
35574265 14643096
99892014 48923347
-47120279 -30103934
9148174 -84489594
-62862515 92629317
66436728 -54336332
43292961 40580453
97953580 16391453
-53021093 -13267900
-43011016 -82333054
-83925222 -82545164
25616096 14560160
-32069474 98863993
78669715 -44745746
-65978058 61839125
-27032526 41514959
19188474 -15622821
-6322202 -13223443
92964013 2630262
94451062 17959817
-94468703 -70336633
66695265 10092843
-57143851 8746895
12978286 12161889
-33910790 -33290136
86677475 -18847376
31703828 -57774390
-94546567 -16107003
14876687 -40800517
16680901 -22025018
-62170875 -13022007
-21273956 52225906
-54997811 -96649471
45270289 27188397
43413451 -1714370
39413920 44718902
-3199448 90763898
42371155 31634958
4538750 -85452951
-94383975 48018789
68916050 59163556
54849381 9372806
63949561 -37831685
69195671 -98597976
63783434 -61128546
-37366488 5966473
28719050 52216707
55470629 74975557
39543558 28992864
-35545966 -64004743
-83090159 64376120
96244325 122863
2268122 84115548
93538674 -84801988
-68531013 45347490
-29728814 49994230
-64243025 48569400
-9304455 99804247
29569321 1027429
6977686 -77507812
76265042 -30426612
91842961 -602411
-21634416 91880110
17495972 87202331
-75273281 10793683
-36523607 -40546080
21389095 42964409
-22638199 8351975
-88391814 -98156116
79603266 -97409505
55802796 -72848799
-41145697 -37601157
86500463 67363817
-39435442 71208194
81448371 -36281062
79055436 34911677
-24298272 -39841854
-58752624 67483961
-72666420 83527953
-59752801 -21539407
7627418 47218508
-53994874 71236070
-12894861 67215320
-2428300 -93199083
-5149250 -55142164
1137672 -71839304
-43642021 -7009990
-53972169 92602103
-48599729 -89247140
-29793763 81107073
6658041 29004280
42537417 -90168670
50247083 -78747935
7347740 74092711
88551414 -96081899
65044412 25342519
-26824261 9862989
20887680 -8469287
68213031 -50800350
84155361 6175576
-23923145 -97398819
-55996787 -27997536
90483280 -57512334
-26810150 55250132
-10283075 -57495268
-63025678 -76065467
14479612 -67547257
-33457022 54668555
-76136651 13425375
45539341 -97901660
-77120857 -37351222
-51098874 -98572117
-70996063 -71985123
11311211 -89482052
96437627 -75249320
-15178640 29149499
-19534380 827608
-83697831 43734827
95645899 69282652
-38963966 56080607
83195247 -22904975
66628282 80694174
51923683 49187736
-52945845 688048
5848998 -83746379
-79191253 -55976047
9006444 85274622
1166668 -38647923
-88356664 -69694168
33379680 57044649
69422012 78399827
93679977 25874380
43131747 -73394312
75770661 -78298091
35016017 19733486
56121048 -71795540
17051419 -3175439
-98530341 95954774
-26923232 2209177
-53911092 89633642
-29575520 70925276
-4288397 30956355
69866046 87601298
-43675100 12744671
-43477220 -12384444
-55814953 -10111427
11112456 -93645701
-94427658 -17252102
66608227 75228753
47025932 3130975
-81384544 -85957262
11586836 -27401706
64679014 5675691
-89929170 59855413
13753508 -69959091
-24960434 -3155668
50123529 63708537
64011878 14239138
90699439 70682664
-36387311 44292024
49774614 -61952398
-5900023 -89544676
61287869 -99317936
-51059992 62494343
43097387 15745528
-63729144 99466748
-64542557 60075035
25720690 -67163050
-46958717 74331333
10670127 -91441964
-62048848 34601065
25617441 16813071
-53494001 -49782333
54380627 -66456369
23770307 -11810737
35833316 37800102
-87787558 -42556809
-85689945 41017652
7523765 -44956779
94133935 66488955
14529755 79467445
-63523871 86843246
-388204 47403484
-5929290 49137551
-71506231 27138563
-15807421 -68889081
-48047447 -77228890
-58225182 -93050493
-94614613 76266718
-92572514 39552170
-19231415 80931375
-7065815 -64162272
-60263085 -1958304
2011649 17676882
75299554 -36935765
-79877132 37154023
-7933915 -47777487
94477911 -20306486
87445996 -54008421
11332833 -16804607
-94250647 -9951162
1113984 15649830
39022479 57946193
-16651388 -57196137
14934588 -29356896
74508621 62031953
44049973 -9464721
14048601 46090567
33110969 -36037091
50849148 44360694
-91790263 81020838
74348172 -80079447
-16988820 90850027
18410294 -23339122
-14106280 -34655935
10975647 64388549
-22905642 -72524025
86047187 34448055
-57405995 27677915
21721313 -70839706
17918957 51550052
80038599 66332443
-61766442 -90934502
82454035 12987393
4964347 18830465
71502584 -55882529
39335748 -42772160
-52238418 -27357540
-3795040 -53782461
-35207295 -69244996
85896115 -1596630
239362 82858565
-11067576 -22509178
-49532304 59101068
-37880750 60767171
71245161 -88814648
-72169989 -18504555
-95743263 64181979
-79358346 -98897301
-47297835 -57538533
89702735 42889061
16294539 -91258740
-20220751 91183237
-91727643 46433302
93190343 91548991
48939497 8600932
-54014384 -89071296
-47457612 -44775067
90600330 93552553
-28657797 7263893
41251928 49146547
-25833413 60785492
94737485 18689756
-49009971 -87842207
-10070998 61156434
5734071 -94603220
-94439972 -31504480
94019760 71580574
-11108093 50891003
96830009 -69041314
-5524651 39708932
-31813815 2239258
-55222307 -87626745
46184468 -46575599
60195708 36027046
80601652 -27667606
81291856 -76396518
-64400576 -10949313
-36343622 29241189
-18973970 71893252
68909848 -62054246
-45241319 9879498
98842521 23610365
-1243123 46405345
-66810592 37875925
80961100 80594390
55760749 -20089970
60184160 -63690354
24806331 6043130
-16316486 -31782265
-72609655 -27079216
92141433 -47556555
92793654 13162026
76966822 -35509220
-3754958 -75371837
-16208561 9313267
21777377 73613661
35581248 -72079688
17206278 -10202287
23967474 -48135620
-82361063 97013675
21533480 24686295
61885590 49553014
-64795652 83037765
35689467 -12984859
92350974 -81994727
-57291097 -35613774
-60872705 -22458515
63714866 5525788
-55081723 29529587
14824731 -48598050
14917595 -58894475
80721678 52486376
76527379 -14816488
-27527630 43951069
63921061 -26699020
-48789513 -72029862
5805360 -64458603
67021422 60429084
-80205673 -17500164
21888323 11021125
-73913813 -94516309
43847602 77962828
41369900 82627243
26236729 -31889144
-18689039 96241238
-14371901 37812824
-6695341 -71255497
29206053 48316798
28674133 -18109662
4045744 -84806868
23114750 -69084615
-66938626 68785900
22514723 -55150387
-63471801 76973536
58644489 4724796
20790021 88682480
-37039185 -90518452
74394325 45883177
69335415 37768505
-17804921 -42788544
-58312059 -18481434
-22617480 -58661565
-54454760 97620053
62281569 54425661
-2676627 -14265902
-24757714 50287338
25838456 83805033
-53539293 79032355
-80457947 78953707
-88829939 58455762
-5730349 84030881
13052970 -1007307
-74236392 -40861193
91561627 -73618521
21875788 9192441
-84933112 -43954401
-93370543 -23084620
23740369 32979697
1353900 -78455292
-59293086 69632259
84263005 91859915
-64297411 -15033467
-4609406 1663788
42178707 37014612
-26445500 -96543020
70889219 -36284887
15030763 -62693393
-54491042 22141666
-37145100 -78363415
36254499 -27540056
-17111350 -84437138
49785138 -99559436
-3742836 54095353
26332353 -47233819
70159277 -91584810
-8792506 88990585
-46981587 34505893
-72265236 93454466
-73861587 -99729651
86976848 77789656
-98328256 -75699586
-3858960 -6666695
-39601542 -30454087
30889557 -46748649
-74956019 -85749121
-48657370 16181101
80804741 9698640
-79207917 -49850291
-88245902 -18675060
-70720509 41028872
97293445 6897944
31536223 41021182
-95741794 -54660082
48123889 -26172602
-41832855 -6024881
-79296048 -58507627
-27295133 -81693790
79046958 32594017
81029624 33906844
91077628 -4012388
24519257 -13488054
7319075 -22241243
83640908 -16582331
-50613017 85988789
-45731231 13238136
62230456 -20324034
67811037 -15228672
-99208814 26135580
-86328419 30550912
74622355 9978995
-83366026 82636878
27136895 -70454126
73521844 -99055447
-42820915 -4406720
27639368 10884975
-7440819 -91089427
-77914829 49134935
92964023 31020407
40762505 -86540652
-47856284 15065711
39335117 -82539135
70626703 94629903
-37880306 -40413755
-47497809 64479535
-26441942 13314841
12707798 -80617641
-61880826 82868894
74067584 49267042
25501718 24628566
99645568 -45907715
67781570 62579349
-25038718 -48792068
69265687 -73983636
79032968 -54713847
83730758 65249206
-68454388 -28436848
11714537 90452811
-8779272 -17493292
-81830380 60771308
-43289178 87212416
-52488855 83338691
12976781 578952
96390527 67704220
-65573687 50412733
-19686682 7079451
-45495384 51329360
93184957 96413568
39316309 92140928
-9891394 -77778423
-69027613 44174641
17356428 22356089
-19157901 24615368
-54716512 19322298
53852917 -86400856
2491377 89405869
-5999259 -70935457
-820237 98446462
70902736 83740159
-76391531 -23623016
-403254 -69019849
88185800 -38841928
-5246174 -75803061
14560740 -46965394
44520054 -55249359
-36877108 -33403667
70393915 -4793125
-40198785 -85548331
82094349 32163653
-29310663 -90162832
-66880203 96513710
28139791 87654545
39804290 14850322
82102707 -79519340
-38819138 -48818085
-82820128 -13815391
79114451 80160600
-64936138 95895485
-62226679 51321056
-65390526 -84398921
-95925080 33634339
-60520500 -53836283
-62115076 86792263
75354987 -30358144
-45868986 -9523663
37975949 -22281310
10322432 -47763098
66885339 -50812113
-17313485 -97501635
-21086970 -60139226
55263307 -8089179
-82782610 -13096304
-22473326 -22889603
-19888654 76635748
72307325 99581901
21112091 45668228
-9857935 -70233590
70145280 29271604
92945148 -14771038
4578983 -92974960
-92897656 22824850
-64280253 49402429
53057336 15105444
-50572451 78968877
66708261 69138658
-31020891 -54669692
46885877 67518738
-37283031 76841719
44403581 -29468571
75280720 -54729487
35119537 41813110
-63944714 -13564359
-70279701 22277608
82458062 28511477
-87530095 30353427
52509569 -61552471
-80911488 95441089
-58251591 4567309
54403436 4512005
-9091605 89179984
-94379504 -33766036
83991615 64942569
-69702917 -96823242
-62869093 84923045
-5090471 -10731300
81628150 -50254250
-61037305 12642071
34308882 -68240919
-54151764 5378547
92794290 -45169224
76003576 -59395184
20167797 70455303
72206264 12893570
31389506 38488655
-37708562 26336285
99944437 -15724575
44979115 86110601
34021413 78329102
-97277083 -64241440
64047722 14472721
54760991 24439330
-41817009 -42912058
24244111 5241552
-53339959 -80725084
-59374087 -46093890
72332440 85994653
20485873 -30210409
13367766 -76358521
80607387 72883610
-84078847 45157907
-77836030 -53631704
32578730 60547485
-67486838 -2453134
-6642571 96401919
18219245 -88669474
-8539956 29177624
-56302686 -70857906
59994120 -80771823
10986818 -12309395
-35707390 64004936
-99841291 30306551
-46830182 -10734170
93420648 80361630
77046680 -56072597
74961895 -70842158
-2715486 6193680
5795686 80245090
56456017 -77174911
92250967 -42957830
95685183 -4712501
-42071538 27919444
-92412642 6072625
34839633 7606529
-98485376 -32412885
-7254518 67385387
-7454642 -96767497
24428446 69678087
-13346237 -11493889
-54919005 53380213
49974324 -80055257
53166376 -15142450
37745651 7740318
7128317 24568019
21292535 -18005449
1092120 -73048546
-79555570 62007873
86550471 86214415
52194580 72991229
-68460932 58557957
97447175 68670435
70697986 7457145
69849408 780413
-40031396 -34830880
-35840149 23498762
69377055 21986100
-28094163 11824824
-24029932 -12589629
-34333000 -37281878
56527449 26670718
18365303 -91433967
-96238095 57919190
39100112 95210960
-88939353 71727192
-46982037 61909964
-32055149 -79232827
11039292 32350308
-69750045 -24130618
77479766 59786838
-46081764 -88300535
77508637 -18654862
-71802816 19049506
-3979416 -86730806
-4592959 -36155016
38166248 81820408
62489293 18125567
59591986 28586903
80069375 -58991008
75901227 85439907
30167497 -4172242
-71161518 58677659
-6879525 36683351
-45619147 -41151233
86590993 91411733
-58999527 -61243595
-84202473 -2958785
-80968315 30667052
52004796 19820175
11476484 -6904434
-15738211 -86966753
-21285608 15184358
-55799546 57442473
-78816655 47395429
-11758671 -84282135
72241926 -58715533
66069842 37223272
-83455980 41288329
-97311275 -3035260
-42108240 68632524
15477385 -84604657
31454056 -68688277
-46949831 -37047101
-95302700 85635841
76926975 -54242260
39595172 54661774
58623618 -35078717
-14249972 -12882033
-71398454 -15123338
-2491357 -73153224
71177046 -85690842
871250 3328983
-14668797 -36561294
-96013574 73770317
27601028 36217613
-64996979 17344134
-8971364 42309634
-51375704 -54746509
25736644 -8224297
-42075917 -38088902
36106625 -18408731
-84386560 -36431468
-31680454 75082148
-51434109 51455121
97861574 97725341
34460890 48375715
-8289779 -97102889
-41245753 -4096935
-33274097 18721262
66973682 51156262
-64149763 -11822795
41179201 -56137338
-15919060 -92457
59690765 -89560226
36756958 -92976912
-58938120 31006496
13142438 -94859948
-66407157 95770865
-27630407 -20437948
-81099887 -81792764
40093865 91963912
47728008 -29819949
80691576 70856285
91557235 -1431411
77815237 -23124181
-9776042 57843285
-22541025 60325586
65262524 -23061050
40569736 28255544
-58451151 59210943
10315269 56390471
84383880 -36610417
70087465 -59719570
-3617734 240712
73896426 -96455201
14663499 -80011030
63532080 -80505362
13524135 -1858198
-72265210 -29733156
-74837869 33164899
-4686524 -54362163
92667001 86197737
-19906641 -59215281
61243031 -76360186
-43255605 -65036556
65603347 -32520366
372671 27032600
-65090324 36468790
-34710182 68533891
31979529 -744328
-68570760 -73120574
22996605 34985101
-37427144 2033291
-52328132 -47594172
17018870 -9693538
80711724 -64197529
-97063084 -29003693
-19485321 -23327827
74060107 -35779512
-50718132 -68854347
-7300062 -51256366
-10037497 -46615977
-63919135 20430364
-47922416 42957007
27297079 96569222
-52790287 69295811
37606789 11492679
-36636914 6204739
-8191300 -5874043
83471003 90021602
73373552 -9479335
51445914 -60025616
-30101904 -3406635
-23532413 59714494
-78391299 11224608
-45448015 -82642063
-5217331 64619115
-42182028 61485417
-12798276 46792411
-12544101 46550104
-53116543 31688996
-58002864 28452345
-97447067 62093255
-62356022 59812421
-62754985 43823636
-37877381 -72233365
-24916869 -90861370
-90695398 -65653360
-17909101 -8751160
59099336 -6953822
15046370 42072167
81843864 -39801432
53113873 -95257376
-3690430 -95206779
85066143 -34096107
-3987908 66699353
75103865 37113936
95499539 37551484
45953795 -14298582
-32175134 41359729
-56733362 66533155
38124745 -95356235
2046531 63966261
17060318 38162192
-99296193 33833237
15181677 282621
-24142765 -65624743
-98022833 -67270478
-7365347 -76323816
83630281 89832183
-84478674 -70437758
-22336136 2624333
-43965896 11248291
-2069438 93802197
18138416 71147082
503636 -30508745
93125312 -99297584
-61354355 86955720
89224299 -75585444
31323705 -42052098
55054830 45016579
60384223 49810723
7325460 35145156
-4996677 -1005139
-72565243 -24120515
86752417 48096217
-94343945 56223436
-69340074 -77220132
33031761 67484404
74819392 96543556
46171924 90101198
-76420363 25477462
17216588 -82511999
12542084 98647719
78538076 45783701
17602844 3555040
-22109013 2348434
-48141724 52121402
-16325773 6227275
21007483 96646761
-55811734 -64983310
-48158119 26575283
74622437 83770841
4752569 37106064
-71259856 -81218137
-65052349 -99328985
39112035 95239818
76640984 -83763255
-3660253 -10757059
82684875 9409779
-59484238 -8119325
32027419 64037535
17116286 56638144
-16514053 -22564614
-42918864 -13659538
33975497 49641117
28829731 83061992
26824735 -35940712
-79879611 -80368244
-5313592 -95768642
10395490 -8222989
1549388 28793669
-77338361 22578163
37312278 74576313
44801048 98688495
-84703877 10919355
-67876086 66080707
-35693162 7944746
23704919 -33168214
-55572819 -89611678
-75006789 -2275861
-88502120 -86208960
-50825795 40652056
-46991304 -13937428
-63550489 -74414506
54707983 -63289006
12900024 3779573
-63447669 -74902609
50747071 4279439
85822898 -31012658
-62795716 -11545206
-52042442 -24337395
28109526 21833497
65748579 -74463938
-38316654 2102471
63652621 -56623462
-16158357 78882685
-92053027 -61455384
-79761004 91948961
-18964530 255306
-36752896 -27452129
68189006 80072227
6131866 -43761463
-26503491 -17282097
39028121 -22201263
-76366526 7182437
-186726 -39331013
-28117278 62919890
-40464856 -52992680
92835223 38878201
7324342 35138262
-11072564 27738227
-13509262 -89068060
-35343965 51030464
22217922 -51715778
27405724 11057387
11397446 30976581
88606307 -90421869
50711977 -97418742
62836544 -42939212
65214611 66270548
63715371 99748294
11840978 -91759489
37543354 73635947
78483718 54774799
-5195120 -1038432
32912627 -59569840
-37389637 -19499286
-62682410 52024196
-8660342 -83356961
82917448 -76407024
-32591406 -41812337
-34494601 82855950
-87726586 -93705996
-54296978 50329708
-38381611 33116238
-96924252 46325239
-82345059 -26012968
57181700 94654672
