3000
-85896502 -58563880
92681050 -28767813
82914730 3629147
30069733 48517737
71341033 99468880
51991857 16780132
-49718637 79049084
-18110175 18684039
7084100 -94778993
18301341 -785828
-91619691 -2392782
6390946 -70387405
76384807 23568111
-50969282 -24010623
-96284171 -87597815
-28347826 -26976069
2147088 -20986999
11291963 71394339
87995988 -51318409
3429691 49383721
-9791466 23358828
3077575 -17121163
-82228306 33910941
25701828 -24656120
97451978 1434815
-28350261 -80221130
-33517820 -5484922
82401104 92762907
56065984 68383998
-5824887 -3123443
-53657372 42912842
1787202 -36611715
8697169 -59902211
-96802973 12042834
-56533961 -74500024
-26900825 10441992
-9399835 -25258435
-20575723 13845232
48941774 41994689
79741845 -57831574
-3399067 -29253180
-53268470 29481135
39706761 -35785633
73863731 93485938
85734629 -17399739
85570625 -31422718
28260501 65149489
50839215 29323784
-28669819 -53220281
26396401 91875645
-15538172 -21904937
91902808 -58013860
88576063 -80805872
98634886 82124425
97274537 -77922044
54170479 65210795
-14209256 -81608190
55832461 -39388787
-43131337 39339797
74191036 21763037
99150891 36720113
-33627056 5943499
-22655008 93695119
-71464518 -37812815
-37024549 -54292476
23416281 -16195337
-23961391 -79980457
56942421 56293204
42446757 50515471
52202115 40523871
79815361 -26636594
-40942128 46784099
-11497251 -63398359
-1045914 -51733840
56851017 68253630
-20259014 -59741089
-84746045 38421192
-19410080 -82035146
28126102 -91296288
-56127928 31077902
-95773867 -30754952
73302488 -2035568
-62487072 41904090
9468670 -82631263
26845694 -83860337
-87367679 66505573
-55321438 -90864189
-45947325 60350206
5584766 66529003
-30929227 -34575051
16906942 86411922
66361129 33647919
50954592 -86307766
-28727435 17851660
-89634265 30917857
41089060 60375874
-44595195 38291617
-94438289 50553544
65007282 83500573
-42283237 -56468303
32764320 -51758577
22464196 63370946
-83571656 12407836
8976275 -33029325
59412468 -67563334
-38948262 -32452174
83583779 -86021982
-76488459 -12706832
-45597915 49524516
43571151 -33037466
49591105 72975527
91082989 77552389
-67092723 83714
-26698934 -81108093
75831154 -33114993
99547174 -55921331
-52779085 -83885992
-23496335 70456413
94742905 96335442
-24013559 79452139
-53781916 33756520
-98279573 -75243103
22538556 67969410
-19619108 72772667
65456985 -15350554
21290264 -63030866
-38846739 -22699511
90174583 40430414
-37429995 -57084760
-70799069 -44306393
-25553157 97332606
44719941 -32566336
-10733132 -94555871
-87398114 88158022
30975319 -66803554
-27757931 95399216
-17659589 60214241
79596435 1217764
21149465 -58699029
-95703118 -43181974
13730299 -43560532
-99971384 11931753
-82650837 -1210965
83341679 98170274
95708496 52586456
-85244003 89668673
-61400478 14746846
68859258 53435795
93612120 87505881
-44570712 -60160847
-4536178 78381025
87607415 -68481853
16068646 -23012805
-41041039 -64377477
-84574487 -4585047
46137157 -21829578
-14825461 -96021752
-24735699 8838149
-88548437 -5277936
51401910 97230675
-46846681 -81857444
-847869 8720576
9468307 24269799
57295425 -13183301
38646640 24561539
-94495611 46473298
-29546783 -91064194
-27630578 -5725093
59278154 -86638341
49787439 14102092
-46729197 -41687914
82222718 31898321
99151693 -37694997
22283210 -73603716
-77978055 20131888
87628476 69006491
-70671271 -14615330
-28534998 -22073028
98430254 -26853928
-54794397 89788225
75498497 81194392
-10483638 77891661
-80428222 -31475354
-22767185 39018570
-55151396 53471981
9080630 36869678
95623112 -32699825
27146801 -66618048
-58597627 -91217416
-37835997 51135824
83476922 21905848
76067045 -31931794
-14758359 91465944
4719163 -55330186
-37149551 67514850
64361476 67780405
22909919 -25643501
18440927 75767274
29068505 -17775815
-47527824 -65193675
77837763 43106523
21478567 53493059
92599506 85334001
78615790 11615758
17605012 -39492914
-3743757 -13050841
-98242740 -70914993
48285583 -41921042
72434593 -87764889
34172143 -90095682
-10657451 47225014
-57142620 -43238165
35829626 60871042
3658957 62088295
6343679 -92172200
-53731279 12569453
55278057 70280248
27129252 -2265336
-5000793 33489500
-58571272 -24071884
80436805 77256083
33193997 32774744
40594975 -83256384
-3241017 83998723
-69161366 -79642630
-80384438 -6750629
52757379 94095088
-70260809 -12438173
-52296422 57662722
-19708494 -57063351
-73465338 -11347569
71804787 92169018
69628771 -24077597
80842619 17708373
-25070017 76892769
-22832126 -16859016
38832528 35270931
-62030576 41349994
82594115 80298846
11876961 -57813844
13997175 36447424
31675050 28903907
75623484 68743446
-31221724 -56961840
-74361546 -63235802
74892997 -70038549
45828426 9935330
-18746754 15956758
-33895105 37349558
-6700185 49677642
27880132 -33970242
-69288509 26216827
-53292271 -21463868
55632044 71691941
80307207 -71926215
56929171 -81099510
78692125 4201455
-8121175 -34146404
60348005 -5145496
-76642866 49356813
19922513 -77109322
-7003914 -95902025
-84889574 73123466
36281679 95480947
-94695228 -94394734
76415445 89797738
15894912 -56418666
62168574 -85981891
-80306502 13202851
61013874 13418249
4654542 82926175
-47297151 58095174
37766633 -22382143
-98907758 -20721956
44111099 35717004
29944716 13162110
-23493772 31021231
86211836 -76788914
85746724 -88410217
-88055121 -39956861
-8284885 68225216
49541228 10112498
-81874950 74291027
51233440 -12835107
10464981 -9013403
26403955 2208275
-95389793 16549441
1455140 -71450581
76873421 83949692
2401508 -44997401
35915327 -69761921
26523461 53745620
85823761 42427392
95400362 -64907019
13232459 96078361
35883914 66837485
-27205026 57886792
22508806 31961095
48036586 -987949
-28642269 1740652
-78050542 39829650
-68802738 -44935844
-1521983 92605775
86590211 -80690330
-11913373 42218060
12975847 -99082690
-34961489 -19374515
-34306281 -35433502
87688116 48795039
-69231206 -73120561
-56331340 26740243
2279488 -62437765
82543461 -69026289
-67640857 -83007753
-19485011 26899414
66763567 89618782
-72640046 -96028698
38726746 34569144
79916933 60717151
-21777996 71035228
85038746 39470549
4131443 82286058
-14882118 38584724
-95232943 -46101187
99217503 -86207168
-86073547 83280620
78790489 -48934030
-32967512 96513871
6157146 75946233
-11059339 34644246
76402964 58532561
-77628857 -19662863
-35397357 55605605
-89120849 -15937079
-19812652 -98540554
87319230 -38858385
95227366 56259229
92681640 -90071975
49095227 -22376579
25734315 31933514
96667176 94088506
-83392503 47142631
68730871 -87826518
95597338 32823791
-39025169 -77791204
27102035 -17121409
-59715886 83634032
49960267 93279576
-12731366 -2302810
87656331 81832499
-93599737 -44759051
-28683340 -18179724
-99751293 -86803218
35788179 42391118
-76183528 5414599
9279021 45779016
75573642 83400110
8234140 -62754108
-20144428 -39657860
-23990192 82624993
31096164 -35112045
89439355 40370555
83251409 -92339069
90102699 -40031781
-16010909 33381287
13632800 70180197
39516057 -26924442
-16384355 -54472901
65550714 -95313584
62993342 -94946173
-17054935 63910613
5889449 47739799
93797815 -98459261
-88321591 5303707
-87525319 27925719
79168019 -30167492
-22953387 -50158247
95179198 84599005
-20046452 -35829835
4712396 71445745
-51323246 -65508678
59990097 80663956
64936969 -15693497
-19219583 -12750363
35686078 -8890490
-41870959 -81717414
47212718 81310854
-28921969 19613002
79274700 63426615
-42261165 29957658
-17453191 26163696
93083908 9373618
-4927014 45076849
1693719 -25823962
75895051 -76888407
-24435523 95119439
63087115 -1501511
83861687 -19295165
-28902201 45377810
30024682 49810299
-21031439 -48690139
-18641397 96710268
-69981255 -9895534
-86775723 62534772
-61336319 -31591394
-89643111 6875068
-78672928 24600640
-90837454 -28695816
12349107 -12351994
-84156501 -38780722
-94679449 -90788831
-92993866 33717439
19271263 -1518142
88912814 -21557990
66159505 27391495
-52567236 -93052439
-22213666 66322732
58823269 -25399955
77571974 79084245
53612491 -3089539
-25698367 -79118936
48921754 -5148732
49257000 69770344
68073959 -53283862
1944214 -83796340
-74496069 -52613053
14892349 -53773248
78571198 95009563
-75497724 -6923897
50313771 -92932967
3940103 -76759006
20600290 16866674
72129882 56639616
-91870956 74039751
-49667531 -92965397
18340741 94216101
84023413 -4073983
-23923460 30659060
-2098236 84288865
11843434 18800927
67915777 2829346
-11972302 -42423856
-58283158 70193496
2420376 -53356305
67579095 -84004563
21744548 -42470090
-92181023 64670828
-24717581 6559225
24772660 -24156062
-2600626 -84781416
-78376844 36953299
-93446495 41108820
59244271 77059784
-68871643 -24251719
89451252 15834300
-99117355 -6867866
47980285 82798967
5116688 -79055935
23809617 87028151
-59234947 -39091813
-33791339 -82767615
-96177369 37477972
-10077115 -37725040
49666399 84476379
-67416730 -939766
34078033 61934237
90475243 31143558
-23877254 44889932
-66842636 65451846
-87502433 95544150
95788243 17424190
61518122 -44903537
45755519 99856100
-82730442 -46201336
-74366942 -32407912
83441820 -41379909
18707140 -80977604
-74267273 83075649
53723077 -77677887
4518761 -82080965
-59522016 7510193
-7048906 76473383
-86482535 93733172
-56711297 10608811
6649183 -76180075
-12015796 -14075829
15597714 -43823448
-99480746 11804710
-14929658 17660678
29329299 4590209
-84446373 -71504320
87729650 489164
57015696 10073089
-99941040 -41911531
72898823 93483166
38765038 85501673
69873045 -41676439
73857263 74537940
-62422008 74265555
957409 -72117745
13963476 -12673011
14892228 -40531933
18677231 -49681068
-80046262 91202823
35711652 21223849
-32977854 18417972
-65312445 86749737
8960307 11519748
91860691 76718681
-11648804 -58223212
-99506393 26025040
99708378 -23127429
-63025201 -22014029
13887650 -33826743
97483984 -75176275
7285323 56403200
44492559 -30306431
98207770 -29442057
-43858433 -72641771
52052224 81439345
-74860032 93028291
-7272870 -19064072
32931743 -70483392
53955243 -2746664
-29621582 13248761
-85048895 -61381864
26445945 -62477270
-69236144 -53492040
-26964519 60278901
-622513 -26164064
27926097 -88492166
-16344782 -89907167
-42390923 43401816
49818693 46734711
83139046 92254053
-5718719 -63953861
70919061 63196636
-33809556 -25089603
-7646104 -37273192
79930677 -85768202
-54716010 -41409366
-18686793 -48099512
66720748 62694022
-12062023 85845501
-66437653 39369344
-86676625 62990889
-42004490 -72725002
19806094 -17454987
97256330 -49185213
71686795 -23893622
-52568331 27949462
-85638306 41136157
82586380 -4986156
-88930726 -10860970
72194554 -70032561
20284335 80106037
13359152 95354473
-1658876 5312568
59266089 2034363
6972129 10272976
-33398736 86238732
-52001463 -13749854
63865555 -94989953
14894841 66880246
26722779 6780641
-87185789 -58899451
-89732337 -30171915
35400326 29952819
62638697 -1940985
5444913 88492594
47966561 -50504530
54683345 -47746118
63629696 22752821
62613010 64709510
7057521 -98217878
-66968491 -82612282
-53674017 -35160097
24617446 -88331186
-15447976 12403961
9075466 -19520274
-16374521 -30218761
56588279 76333635
-26118275 -47907566
-31815965 -64636215
-45022549 -31931888
25868593 98422085
-63466394 -58597650
-10294652 84512721
-12094086 -62772543
-31270669 16832613
-27926656 -23850786
-99326303 10437787
17029609 -51522596
-55221805 -63702133
-56633735 48843247
-20656499 -37610280
-97270791 95363320
36343335 -78058877
-90679875 -46358493
708851 84521295
47320578 47814579
5135685 -87015213
-5352237 41206215
-96826731 -634028
-29801309 41311258
89291464 92444145
-53864562 25372422
-17754907 -33263770
9950578 -1167957
97448898 17035678
63653094 96140502
79964006 -5680407
-84272422 -58721802
-24442693 -47708212
36234606 -47109045
-40707043 12190678
-45908063 -176300
-93704147 79751533
-84371862 96496956
-32337863 31946048
-37244348 -58626361
15158863 31789164
-81437835 55086835
50730413 -51684444
38638246 49946597
14915609 35380520
65262503 13778386
38410349 7479282
5996885 -76957281
510928 13756103
-91479415 -67138000
78540160 -29397124
12636488 -55076896
12952041 2765923
-82790596 77564723
62816086 53340735
-15130106 -69224718
10273414 121765
-29078216 15706654
-98405116 -51709091
-62063741 81698941
4718879 61977304
-13887224 -40990192
41414960 -81051381
96533088 5666037
-73184391 1872858
64024985 56047009
-31188390 -22485355
-74365703 -74861719
-17521722 -18451180
27065692 83879310
1950116 72229478
-55312874 30519825
54138304 8560194
97874181 -15800371
-84929218 47566479
-22102396 51799362
-39861168 -54849069
60666918 -4680523
-14362268 -79433014
-10116720 38965451
-52142295 -46138341
-23390713 19165777
-19257190 99091719
-10551171 56312563
-25726294 33700655
87366526 -72652706
95549101 -25350517
-78826275 17440488
25335043 -57242056
33121306 50973356
87449134 -23237853
4247552 -53464540
92285414 64914608
59748964 21108205
93319400 81333780
-94592941 -509309
-13658376 15848643
51658466 53500840
-99112076 -63425985
82847284 -54345293
2491830 2368078
-89322106 -58524756
-32382013 11955419
78344188 -65125561
80409467 57709830
44687179 96214353
-34543482 -26402247
18587119 -45525389
37444177 -92361312
4921600 25011991
95010867 -4565453
-19165235 55940129
88836983 -96023249
-45326628 -77749656
-29692260 -95128252
-86357104 -38949459
31066750 16182234
28170455 8303237
-68512865 85376213
55840786 -69454645
86404096 -91191967
49801623 -81326268
35804058 12784496
76667117 62331860
82183776 -1817297
13986036 -89789235
-35186711 -55404756
46962945 -10037454
-80952659 -65985647
-31861345 25470854
59039217 40178471
43395694 -78521273
-95755356 -96163173
-73013699 4927941
26592439 -38699090
-77466819 89954060
-32789934 91015732
-58226948 -87296307
-57545763 44287810
57939179 -77803792
67207654 96410386
33336914 9707272
-80138552 -98885566
35634157 -72931097
68136354 15268079
-26315563 -85578540
-40514011 78052769
-64406643 -94474456
61531074 -87891526
6066626 -96487230
37522669 71377886
21920473 -72051134
24725115 -6831974
80233612 -5819122
-65728406 -18767921
-25244208 98459627
-69538768 -8760144
-55292252 11128059
-42021904 -41753151
66344545 -98297878
-93426603 -96739317
-87991755 -58838120
-77654616 -62048731
-31075266 35055880
26574198 -16907201
-73709857 -7999331
-57377660 78619263
-93480240 -38874272
1719825 -59364387
-25907466 -45264957
48484358 5735697
82654548 60440594
-82065514 -32913616
-67988179 -81621984
54105458 -32542505
-48246572 -62797609
-72944931 85304860
1706124 -73220558
-71901438 12718064
-20189980 57732130
35283603 -18139516
47614595 74516539
56587148 -60424390
23158420 94902641
-25893362 64417309
-96945823 -59275756
-93952271 76744709
94783138 1420469
-25275564 38692929
79090512 -56431227
9645301 38560554
17537525 -22373046
52491033 -79378873
-23663082 -78491170
34873748 -58227327
-91228308 24569402
80896751 -65438494
34083270 52507523
-73978336 22907995
-6419924 -23825892
-68732617 -20729146
32732534 -54069825
-36547648 -45194469
-77659314 42332228
-5679514 99826188
1565783 -7729450
-13509053 -14476420
-10028646 6631247
-11210435 -97690513
-15659602 82785096
-8015854 84443943
-93385841 32867851
84765373 33476700
2146859 32546633
-14553162 59947311
98718633 13853178
48467692 -47554616
92919882 -93210422
-78391855 65666204
-64721091 9410666
-60393524 5128745
-93215477 3743903
67638957 -69205180
99842722 -64033127
-21139576 -1518995
-38544164 76090387
-1907724 35432091
72587596 -91947936
43168628 61517840
-87361152 42166175
-14495040 -19666920
-90167665 72394668
47638105 49759814
-14899462 -77709995
-84596631 -4182218
27344632 60537088
-15050947 -52781062
-80929416 63106618
45640128 64492451
35140603 -89048733
25697219 46120668
-40480094 43898837
91422775 63504482
49084330 53280120
-70098146 -86077910
-91925676 87022426
-60664271 59822747
84392166 -6269861
-67626070 76349317
-26810357 -31154201
74496719 -96918947
68590565 -76795728
61340631 41210778
92918721 -77310654
-25792740 -60394888
21277187 93488596
40138274 98187364
98119839 9778737
-56619750 -44445583
-80959933 -51115007
-91830166 -27367511
-67017794 41088876
27399918 -92692746
58439071 37463506
26464123 20890520
-8708013 -9573745
-45913160 -25217677
54764762 -72079727
73928775 60634201
-91401014 -65498586
79961169 89845884
-82430977 -97875003
65392179 28159268
73168639 -54027315
60694553 82655898
66884816 -89872794
37220391 15373818
86151066 27688039
64226215 -34174923
-40806504 -69100776
-78338539 -68777747
19146604 -84909028
-58952142 -84239021
-60988849 61921226
-42509999 -50251328
25738216 62538035
31062508 -16408445
-92367682 13656957
5348021 -5444075
-94266951 80495048
-59863245 -19105731
51855070 28926049
-94567914 -22162065
-94109859 59748224
-24364374 93053221
99135746 56100785
-12276134 -71171542
63437779 52768106
-22510849 60953152
29048492 -20203167
31278509 -56474354
-71757970 75594323
-47026963 -91362938
63507189 47127380
67399358 13321818
-81086469 78437812
21988883 71432187
-89997821 9241723
66564256 75917500
48270406 75297194
-47559381 -79810731
86043864 -75828750
10247816 54413284
38475715 21302892
67371463 -57277173
-72380119 10218602
-62844241 20340138
39169748 -62890830
-29219659 35092720
-60061382 8001608
27205377 20318064
21046550 73921820
45521214 -87777090
83076946 65840677
87651845 70440748
-45030878 -44015764
-1068264 25602911
-77239001 50168214
-6241736 -91993647
-92567931 -47106723
-85982240 -46142864
99869199 96365513
43863130 -39977067
-23687701 83612058
77415147 83593112
69726335 74364403
-53516811 85346038
73700232 -38924661
96082901 -21808964
66428977 -84305821
8497723 -83766335
-28546495 27362998
3168035 92437204
-7646119 14099110
38362631 64176086
-24654558 90579335
-98974491 98195164
58031964 36918514
-46072735 -58444691
30640289 -57418201
-23399080 -44117229
78336324 7332986
-40152542 38139450
26159147 13698349
-53958897 -96004401
19055796 93029713
-6016547 14386408
-26725836 45110725
-43929946 74718790
-10658517 20446814
5271689 63485196
65905445 -43066120
86062019 7267644
89746270 -42237125
-99776347 10785177
-89291798 41512903
-15758668 -91462473
41620756 9121090
-16098627 65474055
60762221 53106801
-20479902 -34796847
27149538 -11819365
43053527 69809429
66531685 97975745
46584225 12269956
38826886 -5215902
-30394301 905856
130317 -93681446
41891899 43082685
-20864478 14374281
-25412539 -70623530
-92248111 -81666134
61754780 -55354237
83223778 72560292
36508322 -53251848
-42417916 17655956
-90321034 -25617143
-95484642 61559134
62432508 31532044
-53687337 77959726
-82073610 -46311818
-97451654 -83970095
92363799 43665229
-97108369 70418037
-11657590 -38613213
13440349 75536583
-95323526 48950489
-75789386 -36290169
-64389007 -52034269
-47281093 -33056500
65172614 9744944
85435255 -74738436
15529426 37205185
-16661924 -23457242
-60864345 -41091549
86690096 -6212796
-55694826 68769198
-86428897 33443282
78417654 -93336074
94541766 -38305653
-39058524 51624088
33556203 -37659699
28929624 -92549200
-51132673 97191983
42867582 -53028048
-24242090 2769614
-23335461 -50212471
-45077264 67722572
48185166 -29634628
-68750965 -22759459
74559145 84443600
-27728241 -50690647
66493428 20083498
42125891 17577045
-34379089 54509184
92671425 36823501
34458674 40272067
-13947516 -50073545
-51650289 66119879
-9724189 5994650
-98849293 72165346
8725274 36903403
98913548 56947055
-19579545 34915713
-81131360 42024942
42198005 1510987
14637455 -6994006
36120676 57733891
86928075 -60883759
57217889 9109387
38120339 -24577544
-82310255 -46108853
-93507901 -26690355
-38440532 -29655527
18025265 30909216
-64916750 64598778
17945117 91131909
-58204990 -4335469
1254643 -79562596
76866710 -87836433
-92428978 -20397376
83450163 72452102
-60608255 69979870
73485530 30407748
-34349079 -25890609
69277687 -96325222
-8395079 -18116212
38540034 -75898952
3486919 46937606
-62279061 10676828
4145485 -12254148
47847018 73734804
20828632 47263580
-83797830 -45773549
82832155 76197150
16437965 39817430
-56444274 15395048
-56856957 55565581
9047657 -53398562
78359765 73947499
-70156536 42248400
-65210681 97689087
-26373886 -44701433
44322084 -42424863
1911668 -55752975
-2263505 49004750
92656554 -99431072
-24784372 23616306
89614691 24279793
90836925 51666527
-96723994 2267836
64686625 65161762
10282198 20901226
-46961993 69823373
71429595 2357962
81947178 -47550641
-9951601 80942534
-75095273 97509121
-98493081 -38290967
21909322 72664396
66555664 82698825
-65997933 87456430
-91842315 63671720
-36066481 -84785530
34064040 -39286207
45790868 -56700333
-99574192 25305076
26500460 -52400374
-68004543 -44246959
23585143 -6289487
35781766 41774494
-11396326 -27342680
6359120 28007535
43180754 17469838
-27970115 12609345
-4138992 86514304
83577633 -75689165
68462491 98873682
-60213198 99522579
-38035452 35029506
-4378310 26684882
69655467 -44358043
78388434 60371491
-79556715 78559770
34995883 -18769141
88517071 -29337483
61777559 53632623
57039162 -62528142
-28387664 80197610
62771436 -41961144
98145072 77988423
77964299 70588793
-31546695 38322976
42723583 -73917233
-98249448 -6548206
-71071110 -78654067
84153127 70319614
-72868547 72082795
-42719831 -44139963
-68824815 -10484350
66959559 -4183218
9285929 59910441
93710569 41556610
74423419 10068205
85365469 7938876
-81325173 -70160101
-39146894 89383830
63791820 71162735
-26257084 -5851322
-29651870 -46514743
47045659 71903285
26015572 -6248474
-6070074 -60488065
-10330170 -79838679
88989603 38531039
-75559657 20630960
44081103 69956977
76151787 -47856699
96971582 91410493
65733458 17789645
-71856019 75504309
17820602 72334440
-15137926 25155549
-89190589 39004230
-5120875 24730166
-2505788 -83458905
-63654614 6217171
-62869563 -51840640
-31941554 -26682497
87324094 13847518
35604437 2587884
-82692400 78622684
53997147 47133159
40576467 -34450966
-68927539 86917378
30021719 -49599293
44934079 -91524911
-92143261 -17921969
-21426741 20101475
79104678 64186118
-74378113 -29628688
-67234012 39670029
15784603 7008285
7448177 76621493
-7021764 85579025
97415068 23552680
-91549399 -18917919
-32715554 45782684
-42460416 21921671
12892844 48138421
-72976227 19324677
61996221 66967385
60014050 -7988459
71101521 54152377
-61185818 -94272113
93954336 -63251572
69747450 -48441837
16539096 -98740301
-73393973 60871275
-72703863 70953882
-70931555 -22319181
17048869 78820354
31379828 -45269971
55727333 -60134713
233151 -84661517
-60765187 -74389934
-758896 -18125166
-89528224 59932700
94700357 84568979
-45648282 56805468
51855001 62668409
-29735652 -24267053
35569847 -38974407
-69890781 73606467
-57280618 72604140
50483118 -51605412
-85683852 -50113044
47292753 97617819
66701519 -81259097
-25882431 -24959119
8185296 60639440
67610469 48278024
-73928454 -17396504
-95659572 -82884555
13809332 8611901
-21629166 99199277
-61028556 1662196
-10220958 -13948420
-96761226 -63446846
72674291 -83377742
-63398708 -40424538
30132692 86166133
42034650 80981247
75649477 4240886
43403233 -45368428
25846356 -94362308
-37594119 22488926
-58659167 -59747328
-66536480 94273458
45843593 37284182
-52304473 47099898
14387668 54571544
56675647 -24266235
32235151 46038330
48908394 -6665870
-93168795 70240664
-88582570 -9421208
99584917 -56590552
-77727269 80896250
-30335416 -44584219
77828030 -5900385
-56782080 52844240
-14755216 -51209487
4547187 -30744328
21515108 -95133323
90184569 -96047912
-89587830 50520311
91478618 -32500943
59831703 -99042375
-38137715 19370999
-79931880 70613483
-34841068 41866334
-1754942 -89469600
-70642625 -12163820
3139800 -988782
86202170 -98034374
37466477 67679510
-79944923 -93073261
74177699 30393506
72813030 -89300771
-89796884 -76954488
-3394682 45308580
-87620791 -1102260
1729094 -44867054
-82587135 56169010
-58832393 19171441
96910665 -85541538
-25378750 38622306
-82784769 -23530858
-29123230 89535213
-60654385 -90662996
-24537932 12166195
23265380 -36650024
51433170 29071775
43004039 43917368
-25459207 93645823
91760192 17737051
-65992749 -97843428
-88724351 59124187
-35530404 -71570586
85197320 58598357
-13179766 -7846881
-82829056 -59063999
16707730 23551601
41399864 -53492693
-93257396 -29502521
21669730 35774882
70741230 -51473688
-11051603 76722625
-93211226 -85585216
13640129 -89437010
-32260449 -68238339
3473595 40271482
13349039 -24585544
6634042 54790549
-60683445 -57420777
-60894210 -55819620
-30614950 27431999
44335909 -96972730
-68621086 -79069740
64197897 83103320
-6371588 55273966
-88535762 -68068001
-87891106 -59494571
66932404 9424392
-75438951 -39928131
78851954 24080285
12370868 -52390738
-76980017 -94627036
82453535 71050369
-93376805 92809376
-15160792 59864868
-52434552 -47197947
-31658232 -42595258
-36934306 -10923482
23327510 69659423
45259524 -79643421
-52019597 -69058806
67940732 -50760218
13484873 14709960
-7205706 32495481
64327215 -88694593
75383878 -63371853
81351648 53221102
-99700061 3906749
88102005 -60504696
-79977521 -21775929
66011140 9648993
-14788183 63930223
81548399 -90481549
89637672 -33799718
-53141483 10567288
-3485753 74584876
-85036 -55298023
84499660 15359722
-19601369 -14199239
-2920957 -16744450
-94552867 -77434150
73301316 -88812378
-90268780 15791493
44941573 65907219
12411580 65534037
67765860 67463217
63456329 -29432663
-76748297 -41867017
67022297 -72388806
-87353569 86886073
-19177646 -52723245
31262833 71721814
-10882888 27910548
52799023 -67358297
97565110 -38080405
37497328 76914837
-35174284 18912270
52484613 -35534042
-46391584 -53518046
-56863334 60232076
83333530 81380502
-19974439 -43899662
-60723702 -58065035
80668203 -82530717
-41424288 90510167
9308980 97466508
4385127 65056358
57664041 -28852297
-24306093 73842144
-8135965 78019941
-97562624 12423819
-42506547 -6804890
31807745 -14770244
87335561 58512312
-2395313 73363297
73769387 62949354
69541290 85174335
-9546442 -60994636
-80406066 -70191777
-82519938 51728813
5999935 -63128155
-18427177 7469593
-59442462 70794704
-70945215 -76931234
-89700716 -55831209
95947950 -51999136
90648061 42239977
18778837 -91956275
-97350645 -98226635
-59909962 739962
-67448491 -47612297
62062476 53329094
-74240135 -40500115
-51513055 -45142753
31196645 -24937094
20933463 -64729429
-68893527 -8745966
-58585501 92639776
-34533476 17477801
88178062 -43215134
5883836 -48153128
93915196 17895343
-72457667 -58148579
-45234838 -20813737
62231880 60080371
15834971 2899026
58805242 47400092
-39789182 80735171
76595129 30979498
70296236 65803944
99664842 44164708
-68420435 33519253
18796119 37927396
74063803 -91280724
10376957 -33730939
-14047181 29402240
94141096 27305531
30910307 90232053
-46355590 -43014157
82504473 8652737
-72807660 57194768
8324208 -66051640
-30448587 21886142
-70756660 -91041799
-92696734 -20561204
-54213049 -66510303
38515790 -36576369
52645843 -95428049
16835469 80004390
11779990 24308513
87982439 96741545
52641747 -20825476
17882934 -36764614
-61516838 -52154308
44608719 93305619
-18646601 16262032
50156717 75194720
77940836 -11033303
74520689 -81421107
52536462 -41149435
7495015 -28045513
-96598036 28755317
-49862136 6263805
-92567489 -97413924
19577265 -51359328
32351428 29682414
88046893 71192672
-38293590 -82095479
-87469928 -49948111
22990949 -41234464
-23960196 -79894407
13314481 31462376
-55555771 -42488564
22557431 -47863202
-25882253 80709446
-42964143 -59290466
54927525 11511354
44021098 57863323
-4299536 -9480323
-77911651 70966629
7779678 30241465
95119955 18107506
-35248514 -43314453
7095107 -24490662
4199113 3692855
95779973 -94688976
-28356992 26171672
-8715902 -61755361
41598730 84464875
17825494 8329694
48199153 74899548
25866643 46445622
-29039513 84224845
18670027 -95279632
-76900753 -64792987
2602852 -46632256
-74698471 13820757
-81239447 -8623028
-96306889 72275115
90549851 97314911
59341226 78542299
-49432265 -79607639
38381140 86035986
31918806 7231493
34842313 -11090695
10996206 -53639553
-99382367 -37989963
49362074 11899692
-62789426 49996789
-37159841 -34931784
-10382349 3229658
-60770476 128855
-6225830 39168450
-12957008 -55314980
-26769670 5039277
-9432308 -73424671
73938733 79365644
88601540 -54706983
-5974489 89680732
97732695 64472132
16346191 -20831499
18356375 86064560
18237447 -95632201
-12358130 -654460
-55726094 85673690
1472610 -85982190
87903155 99198252
67025092 23712533
-59106894 -31517154
-21717223 -71054132
2014470 7535505
-97981709 2239884
-25613089 -95406994
98109337 -71267293
-63556200 65864465
-932002 -62555579
82481286 36238687
-40319873 53341817
-44474579 -88697101
9104647 9481183
65131173 -71987094
-62225733 -99985907
16412470 47413062
-62812074 85483878
-3224185 -23866421
-72829425 22962430
7943724 -97712831
-74203937 -99981366
-76709072 4021188
-3736276 38580188
-70161626 2042606
72375965 22851012
-94841527 -34064019
-13198636 763680
70769191 54602900
94491212 -29642283
58469575 -39814538
-80568345 -26096147
-32914479 -72382904
-93110651 26216014
20463014 71346552
10981964 -86399827
-4631530 -26616487
47969701 -2814879
21183479 -394501
-82953731 72510148
-55817841 -38209970
36325704 91971840
-92597002 -73278718
31106424 -23992223
72436317 -89815403
-28187202 -64021868
-49382273 89846564
-30578673 -98840125
14959043 29971915
3698905 12121496
-79359679 92599860
58246714 96181691
38869788 -56540929
-73294339 -97753673
-71808446 -53122191
48695692 31635558
-85494135 -21939435
71743255 -97812443
20163664 78036066
-83759956 60429417
15025221 -42150799
63952965 12624713
15472201 -6566428
20956430 46943750
35722525 58844768
760160 48254429
-38677007 26926917
79863070 -18338897
36650023 67216899
14333572 -35726839
65242338 6743572
96916470 -32719339
-16600644 30599635
-47922311 -93410182
-25538430 -98652259
-14705923 -88092005
97333554 47285190
-52463954 -89024165
8221836 77568300
-47822936 28064717
-19626166 99075304
-48260466 -44889783
58776098 97192407
56584391 -31344815
-69347180 -32704450
66494026 64932404
-28044891 -19140404
-98978361 -62067644
68761618 -28238421
-69812482 -2757559
-29203178 -26818794
-12452006 -16349082
-35324833 54975961
-44014002 12652903
48834658 -62819484
-69300187 75505360
-38088959 3719095
-88504849 -22566106
-46275353 45870418
-26246348 32595050
-47264040 48391499
-490330 -60225486
-26267192 19826915
1848738 -71221383
93926629 85910084
-28314167 66882316
-38909868 -43789278
-42060001 75376190
81600214 96713820
65002786 44771398
-42270769 77730901
27053024 20730484
-1448378 89431974
-60455606 61279449
-4919359 -79508200
45327801 46867028
36797729 -30961225
27686330 -67907328
53059382 -5717141
40238707 -26180736
65128898 27505920
-3380028 79479768
85992144 -19799669
-33974196 26599262
37716747 -56138043
-85380082 72029531
-25676822 -37015194
-85045289 57847774
-16939576 8104375
-81767654 92511523
-69264247 2759126
-95568618 94277307
-88467885 69491178
66519258 18526270
-15559235 -6647945
98816481 21521548
67945611 44853562
-60265998 26068225
23191806 -10356400
-92877505 -7679003
20767002 58664206
-35316492 24522565
26435857 -36522989
-85595463 -13460799
35777463 89930272
44495306 -68825622
-90269868 43654183
24434602 29835763
-38278143 -33686145
15460641 42751927
23229315 5406182
-61071838 26309861
41175079 -95701312
-14724337 85051195
16404531 -33608605
-11174523 28152625
-80277509 -32889331
73153112 -37846478
90308435 65058610
87923879 16459919
-92156326 -88369209
-45390845 -84116511
74667325 9382089
6701963 -7702483
73773891 80480496
82519615 -3112648
31117354 -4976989
-65949900 -73380019
-88785841 24159329
-53204600 29632154
-49760232 -44230884
-80714895 65666658
6300618 91712027
-89118670 -31174260
92396418 56395909
68264342 -10618895
16328056 -99453375
-91738434 70826236
29250308 58422281
-54645527 61525073
11834693 -32651070
65571258 91401909
-78747665 -55224669
80912870 29375387
-82591145 11742094
80348098 -26813966
17504201 19097393
36074997 -93218371
-79283873 93561702
-34555782 12686161
89528859 13543819
-95745979 77370034
-11337391 1419164
94757160 48220037
23074278 61034717
15774792 77307086
13557861 35943324
80170299 26986519
74890903 96322188
-34862779 419270
73065520 -41976214
-21645198 -47777493
-82749685 94937360
22404713 74310209
-54492087 -73479261
23201942 46657681
-55688125 13899988
4426697 84959807
-51932523 94877768
20912140 -46565788
-49707370 80627039
30444237 83747137
53034979 -29533913
-46848290 5994743
-38826447 80014903
58990228 33669506
-61672070 46603661
36988946 20739895
44159469 85179993
54916357 91126436
-8932767 -77077015
-21876969 57075615
-91847344 -56177880
-53037539 -21331293
-79181822 61438431
4708459 32833111
-57139618 45560723
572795 -40087253
-81862629 -74926000
65951498 -72423905
-34085300 65363453
18290477 16529583
-58172562 -90609836
-48088496 64650225
85108021 76833113
-31592396 62788408
4337246 -13053784
-80628362 -91026805
14516469 11921514
23682442 -10988709
-54883784 -8085226
-42537240 55073505
27287566 63897610
33127896 6373553
85633262 86924421
-17816633 29837924
-69893551 -81559759
-54003746 12538285
68727752 -72332997
41356190 87754809
78455072 56971506
57422047 72219689
58269241 97753536
22163665 19330770
8547313 92077504
-57698721 32382146
73935636 29547190
58509259 93096717
-68276689 -51558137
-39603046 39594236
85073258 49492967
18654182 56660479
-92588017 -60703656
-73578068 39949265
53186256 -32022881
83231922 -73151553
-31446323 6828300
52928325 52291369
4818826 -25297370
41967427 19710674
89234522 -48514062
30314856 -45795576
75978168 57683119
53683845 17318127
77342947 -64422749
-95501738 -47268461
-96822478 -30565095
3110006 -7449768
4507892 4703572
-49817650 -16883853
23793438 -28315138
6914080 63261760
-27016429 -93151194
33304719 -29603326
-98309187 -70344807
9133055 45454771
-80058147 69455634
53390881 -57573342
14914952 -56034487
65897755 18628659
87081632 70651687
19562074 20075095
60515333 -2417376
44173610 -64084466
34721270 29603378
-8645004 -13075713
34678711 -53695968
3986267 23937214
29354935 64380719
-48130268 44932420
-89317693 56819540
90157717 -61184899
-75208139 98428165
12935985 -37936773
54329611 -28839442
23175911 -41713460
46718425 79615900
30380052 67202735
-75612991 21473221
14494017 29474798
-14965888 19607427
56031950 98569702
-74674667 -88055832
4768945 82671948
95534508 75116482
32212952 -18702835
-82137527 11294376
-4339075 -15663239
13599972 66883242
6100252 -11887654
-38864092 42751751
24935128 -14655510
95488224 -67944242
-49839260 -93749879
65445765 -79661680
-95765201 -14044631
-82380603 50254382
21953034 29904282
-13154107 -25455903
-26452132 87706728
-40637422 -24582174
30372288 85077347
56474667 -63372047
77683179 -32315583
-19694237 -16454992
82337692 -87656616
-35260223 35128753
20198975 -71267939
-34396458 91450540
-60941959 84069163
40158233 54577246
81279891 -31703648
70997556 70464971
-58665214 47621361
86383949 32421614
-10497461 45537204
-73548243 77896780
80625009 -16509100
97794755 85304377
-72278691 -68927261
84558477 47657353
-11074431 14009078
42744738 -65013963
-45327612 67020211
-43892260 92877245
12974163 27183485
-56768137 -24012530
-10297121 37156828
56083084 7207930
18767335 -27783423
92132995 -34178935
14972355 22038412
63595350 -57904494
-25523139 -54155353
-10934544 -66937911
-79389830 91459317
-57200078 18173485
-51318531 -14339911
65026161 9551060
47908356 59411136
81166385 -48660917
3081010 80884336
-64678099 -77814721
65123478 -86294359
54097198 94348729
72893536 99285642
-64477300 90476632
13732069 -87364860
-83933342 -93147272
96112522 -36121185
80891612 -44726568
-66004069 31942214
31752775 62785549
-41281387 -69290260
50614874 68373254
15683731 -64897708
-27066232 -80291750
-85026703 -31326656
-96080182 -51168777
-92394025 56700718
9917116 -54584050
-15337878 -99997282
-65326707 11488486
-65844207 -80153060
28372260 -71587445
95087832 -19259666
-99240518 -85872630
-86117564 96297827
29881072 47750171
-70604896 -28869426
56241900 88994586
46704971 5421948
44812986 42678872
87998568 -55028124
70316459 -71508502
61151424 61672788
95538089 -48256482
19041069 71897059
87479492 -39084948
-33531327 12959603
23161009 -18843301
85851662 -90163862
73342319 77216575
-77465308 14239005
93764080 66629516
-56649781 58787367
-87756754 -44803248
-93832469 -13569216
89561471 -97033680
-85869902 -92777757
85918559 39949500
-11118071 36060068
-40065677 -52017398
85153007 57523213
-96727467 -27057235
53908457 83925565
15937687 -34387657
-52681779 -80622596
-17519208 37082866
69906324 43942951
10254958 73802775
68296356 67396091
-49297204 -43731401
72102901 -54338209
76180596 -54100912
-83531954 39562580
-26789191 75838131
-71286630 -44557750
37746488 26308821
-25538474 -85952601
32164102 64217018
-55698960 55070027
96520619 54104360
-49594351 80816783
24378875 -25227600
-58670404 -15425698
-59750200 45902228
-3653163 763552
-8935735 -85226948
-76686061 -9277546
87202391 -79452907
-66494972 51893563
19390283 -39635705
77379893 11117564
66118454 -73055446
-26377515 73309428
22903186 64798436
73878537 71499913
-10966227 51279163
3568044 48689132
3529693 33094880
31576968 92384470
-54696261 -4124050
45804584 -82282532
-66007217 64491282
5626131 -53867012
-30177973 30300711
-62235289 -88832038
69878698 33474989
-42185203 -40154366
-48606618 -40015937
-54063545 -13427577
-88692068 -36469565
50777977 -83296374
75225373 -91328329
43523263 91145103
-99719076 15790594
8921932 75981114
-71406339 -19536639
-21741836 96433382
32326817 97128306
-74452650 -11349338
-54650024 -75588755
-73678262 65558685
64689105 52049028
34694453 -99091228
82113517 -30118156
1775305 -17137213
90433176 -18607907
-73274389 -33919220
94967886 -71681278
93449153 35777498
-49592595 -36548115
-40193651 97100180
-77527716 64835888
-86884660 -73975018
-38557481 -96784889
43814188 -52392319
-93615112 72056252
65566352 7144072
-42700328 35061930
-83284865 56743739
91006872 94220039
-71898669 30764178
-83048832 74110386
-46576001 -82906198
24844833 -16706409
26652669 25158855
32055936 26628423
-2161249 61183870
-69395521 -20516191
-34387222 -19033609
-27253049 54348758
-42980077 -4954831
63783291 -96278650
-2962432 37203527
964387 60775904
-71059244 -14940409
-14422300 -51678311
-38554525 71976239
-68376140 83284637
-15874442 -71418545
-17397177 10241701
2514765 83706605
-74116194 -12619498
16296526 -13036388
39245525 62003818
-80966886 62915105
84759581 -32514235
28045824 -98012118
91496979 -40862403
-93177108 -74440904
-72154491 21930859
36727258 -71555163
14671554 21417461
-29068619 -55569986
95368662 -18960369
-79955941 -34478727
61341102 -42211814
44676472 24320995
-40477672 25340766
-60638957 -36894145
56315355 75851298
-27643576 51037161
5179706 34390398
-6069929 -89692344
67574517 7360900
31764717 -4515780
1707323 -60428791
27196198 -77001378
27156527 45613024
-16255540 -88909371
-36165788 17352599
-59564975 -75468072
-41056223 -80262440
81882700 -90197356
-10021865 19268927
14503101 -70430943
-22734402 -24210962
54080875 44276701
-20118830 -88999136
-97326461 -50087355
78978952 19699255
16853691 -93530371
-10524137 65260412
-76266772 -15407833
96621237 67938158
-19306562 27114482
-71965386 -75102467
-62379894 -47179660
-83522047 -11161991
28843077 -58033427
-51476321 -71000521
57172866 41158857
96236656 35945645
62757425 63871997
74554633 80380745
-32577204 -48887030
1031427 -30106356
-88470369 32883629
-72636479 85410289
-38741316 56473293
-65155957 24874424
17724655 77944778
48591499 -45864676
-42221766 -64799064
60252979 49525719
64593596 67545254
71910133 86405078
12340382 69983046
62235380 -36256945
56893823 26181444
8634011 -75002925
-30733627 -18752254
90444880 -37202525
-11729257 -37120315
59855170 43230752
-50434632 -56007285
-30945304 49269324
63190279 89536275
5766023 86871368
-63523952 78000594
23444592 71305443
-84200640 -89829562
85971102 38234839
-83123860 33830370
-37436964 42753423
-27554679 -97638452
14173113 -35500301
19767694 -16334442
14407413 31568860
62506003 -89131840
86461613 -47448479
-21470610 20337409
5628819 14791278
98556388 -19540598
-90201416 -3353712
-94820911 47116153
-32452084 41208799
-45122164 17423058
641855 -24084957
-68210800 91328729
2355099 -34854487
-49101850 -86685544
71176363 39828361
-16212162 -50980269
-95252804 63153485
-83411735 -56523984
-89020563 -61840845
-83204366 -10842894
62615368 -92217073
34354205 48816394
-60356037 -35212494
42200525 40370000
-50530487 -74672978
24590423 81607147
97536772 -79142777
-49567921 95199918
-65962798 82547976
-39791802 -90306349
2611893 14611147
-36920329 16111610
-68069741 -79922472
53523170 -3932592
-18762698 93001795
11056038 -26618677
-63076832 -64473004
83593992 16736960
45893627 7169296
-60809441 238505
864122 64711467
44417501 33591286
25974064 -76591666
-38686158 -46127062
27858891 49526336
56242151 40605579
-27677145 17109201
-21987325 15212461
-63157391 34526234
59388953 30375242
14435660 88356101
-44423894 -37525125
-57866420 57006310
92432129 82114356
-19688217 84651281
-32606531 -37843014
1009226 -98570283
21527202 50072056
73449909 -42140258
88950021 -53850961
66968076 71652515
66634559 -82676417
34380621 97563529
97595610 67353105
-61742699 40376299
40420843 96806552
74764907 21963545
-10206288 -74518358
-49727107 -62883671
-7424304 10192475
-51256263 -65624584
-27891079 83577615
-6643647 -48708422
-59178200 -98279515
8942967 -32855086
-51326348 11860017
53723050 1633900
52088876 -12919880
-98805050 -17228371
10800863 -78979969
-66056504 54446731
32222611 -67019605
-32777905 58922338
-33997723 51125449
97670576 -69955747
6158888 -67352944
-82284175 -51539931
-59326846 -96434369
-37579958 10700234
53665113 69935901
80541410 63461099
68533068 22056194
64817539 25139060
-45678112 -65301060
47730159 53103939
35545556 32965407
81738680 -89122273
-60887754 -24605480
-51113425 83236557
-80420927 97183666
24243067 48047075
98430375 -46655210
-27727849 24896850
-86335682 -25608617
-25096874 74766929
72779919 -18406878
20390854 -71455833
-80143909 55875339
6631472 -54489125
-71852856 -31529288
15540822 -94169481
7239321 79372731
71369385 22450473
-38068042 -19688713
28472136 10866280
14899020 97816296
-54864282 86293427
-54082658 -98335253
72674392 10900000
-57269875 91877069
-60382044 58232491
67225812 43733558
84701421 -90544877
-18504856 -58907805
86489140 81020003
-75576001 -43248496
23872287 74712691
-11740172 92251366
-76969897 -85116299
82834684 -6877105
-88099018 -86449049
11754443 28248278
10827676 62084309
40453556 -87331158
87357622 37339585
33806361 82136107
-23866552 -96412684
-92993802 -98808030
15612733 -19767275
92271162 79626518
-68571500 3817362
15151937 -88972719
74050222 -62199623
-31970164 55389892
-58572805 -97080143
95265598 73039573
-21969344 -71648469
53085827 52607167
-98477515 16809464
36213479 69838746
-76177301 -58037696
33153049 -19599793
-36819363 -41203150
27593488 -91052363
-23237103 -36026653
-54632001 -36078745
-17465623 -90659233
81607907 73350177
-76355149 -49748194
-49743267 7743421
-12406618 74772245
28983395 -63215883
-51299660 52630655
-77270204 12530343
84312989 89944931
72044068 -92634510
43973244 53242122
-84216758 38355829
66318848 -77272946
84355164 65698341
-86108217 -94838579
51271571 -92244720
-9679883 -97074916
22766147 95476239
3980914 83002179
20538310 76108064
94778866 19037624
-16443841 -21602525
34713963 -6596080
-51325409 -4540767
43990700 92922372
-9313648 67452352
94568610 -60251481
23076070 72321531
-98095940 10291529
90835333 91178464
50621676 41346895
18376253 40177394
82150899 -72179896
8737701 -39563730
-52644872 -91856372
49518949 -88614249
26346526 -42572924
99808742 -19914020
-29388736 -39543540
92282519 42161793
-43615416 -53483525
-54802978 27743484
-53861774 -65426075
-26632525 78911974
-10222943 52931586
45330945 -6701048
93576145 18953194
-95903692 -49369443
-44263909 -92087743
95204443 -87838328
-30035430 -66693355
62903824 36058554
38487006 6601623
70317314 91961384
-35509748 -87892111
8168953 -80623914
-36882905 -22689062
-66390762 -97348645
296988 -38137085
-83593496 80638051
-64043854 76707525
-5344660 -89070760
56294798 63580055
-96019894 -30736219
53560828 -1017330
83689818 33618492
-27822024 13891721
-75212493 97120681
-99913368 -58855561
85733139 53041037
-50054964 29429579
55898998 67070617
-48843317 87318777
83043277 75988637
-10840913 57505013
59218152 -25318351
91948356 -93628115
22202412 -9771918
47739121 61786545
-2851828 -76661057
19848906 -74716083
-97126470 55151901
-47145337 43303773
-298134 6008873
-64025976 41029313
-34465958 65316973
-93190680 -68651758
49039970 -66813569
55227228 452884
-26370291 -50847942
-20988942 59923273
-97765592 -14688094
-61362971 43600288
-45628518 31681809
22381191 14149150
56450985 -3509839
22699866 -56528310
25399781 81027252
37003794 -24033603
73939492 -4323875
-90678835 21544091
59214293 82893175
-69179479 44188922
-73831608 70033154
-48401808 -69436873
-55830325 96114095
15164971 -26809187
-58621608 -52344050
50146639 91176943
18224095 -69733068
-22809379 -59717907
47027314 -95568057
-16434237 52176945
89553250 -30658633
-22565716 -66786634
36264726 -5501869
97224689 -35901606
-75269481 -72044758
-93737915 -54187998
66511475 -66114966
-53059645 40008509
-36242204 1025550
66456132 -44951114
-87493100 16885758
-5485810 26051645
65741313 -26790014
-35774036 -12622005
80795107 -84654648
4971191 33084954
28919435 -17340023
74302332 -68522085
-73199720 31358474
-79804037 -58279813
15778554 -78949859
-63749336 -39160478
-9220836 -94365739
18671545 -63750547
-67593475 24985564
46532520 34564933
76309440 -11129386
85999307 -11140488
-75660211 -36334089
-98300032 15444433
11444363 8638135
-9540612 -83414877
-4991893 35348087
50325887 -14180683
-86164575 -16875369
98803957 -83301224
40653747 -89988903
24420082 35254221
-14781728 76857228
98038817 -92716439
-13365496 -57530382
97459376 22088082
58855474 -49708735
11560161 -46485165
86774731 -23791926
89195589 33390166
-38072332 47577100
10397285 27409168
22305595 48491775
87276461 -58311346
39316009 -78511509
78260577 65255617
-8266101 -54987261
-32394950 -55999025
43536683 -45100736
-57719821 -24491814
-49463795 73379841
22783231 -28959145
-4034471 96025490
67752749 64931890
-52664929 34759798
-77148364 40347562
64912751 81369070
74331880 37100624
-31762345 -42535096
21850856 67452098
75991073 78194781
-27379240 -24133956
79410171 63011647
-83246998 -96988279
-44082513 -78586293
-96548143 -42333465
-15239767 90203896
66216520 3775464
-12359041 53484517
22810472 4769391
-82718451 25194336
23445833 -39062524
-26723109 -83929109
-75827640 53475654
-85449353 91850290
76279778 52098645
18635946 -57918963
-87591505 -8247558
44136136 -23993045
-53340047 -19517045
-39229697 41888642
-9180678 45241963
52533942 26467286
92202574 9576416
39054382 -47735950
83529346 53440393
-11335934 -31712665
78260300 35502649
-86638587 68611872
-29573496 -36777554
28342058 54727240
97501358 3604795
89217148 -51129754
-48179576 -25624673
66086939 16111040
-76753934 38313003
60000159 -74824044
-34719282 -64383954
23564667 -289698
14836627 -53799104
14836627 -53799103
-81689208 68139017
-47110463 -51740672
858898 -3097299
-39075405 -34443288
-48337380 56536881
60890162 -3902883
-92818706 24494871
87263365 -18553509
-34941722 -60674970
-38920713 79156453
-47749403 53627930
84344148 -63947661
-79970593 -82093649
2322668 72845357
-8840168 83860867
-2068028 -88680309
-31828778 -7959820
-54760239 33368103
-66260522 22277688
-86299255 -14262829
-13809132 -37723739
33572889 75475869
58564693 48495836
705133 -35448992
-58627744 94685912
-54653058 83819278
-25042900 -95511332
-1244489 -84124817
81759133 -76556211
-54841411 58121940
81644856 -64932905
-18568533 34277261
-74239856 -6849710
-1266884 78777012
-60837277 80983825
52753863 -44644284
-86986995 -14879936
93537543 19410027
-18207578 -36379690
82105212 47222976
29244364 13303575
51866094 90231906
94573312 -26161157
92396011 80269836
-93389320 -84842551
-29380677 70464060
59334035 49359488
-83896937 86455501
53234667 25010655
45910523 -61305682
58458602 8776250
-45787959 -3272710
-62519902 -4050680
-58550986 -73837294
-48627661 -30746037
61275757 -54603240
-39128628 -62362126
56171730 40555451
37873261 -2781420
-9586805 -13700894
81222007 -91435619
-57010629 -77543304
-15270260 46440800
-67824229 73818556
82339474 74953514
40724576 -17427532
-88555435 -81765750
-45175963 -82014535
55122307 -58199899
73821438 -81377055
56485634 -93999442
-17761226 -28309004
-79213485 813118
78748764 74850050
-26667713 71550731
53505025 -52607924
46536262 92003622
-58455278 6613193
17449626 21056213
86427807 60167399
-8456111 69085308
48153689 84490206
-67506459 -62362109
37429735 718482
-96905823 81673362
-25829096 -85094731
57957891 58806429
-83292234 -77020588
-884039 -16455503
22504342 67175677
80905027 26390876
-80040483 43013298
-7393481 51997185
31599119 99338155
88278914 80782664
-74609316 59477190
-42743994 -3716163
88284303 35218553
-33529701 -46713572
-48237350 90733350
36489726 -92009591
-92015579 58704484
68050481 98589861
-84395109 33330492
76149693 -91330014
-48952780 -6731782
-40518657 -77785410
78336064 -54644753
-85281541 67074540
-63234826 88898307
50172514 6204895
-201542 -19924126
83254336 14100014
80620776 53713170
-69698276 65792145
-4605477 75379985
36030386 57328806
47470004 -79264125
-15361680 95232971
96749383 794711
7174229 69610341
-72077259 56278160
87067401 13181198
58565054 -14058959
49405813 -71088374
53705139 23092809
-64204114 53139506
-34071159 50113077
-93722230 36075255
10846939 25513383
-5880144 -84227685
8948719 -85092682
-1284949 -5182206
-32677788 -69844237
-62845815 58083177
-2486310 -34903312
70237193 64472584
62898336 -47130187
-38485877 -24274706
94595391 -39647419
60704147 89763485
28242242 41319379
-95971204 35744951
17603369 10262124
28709948 17024160
21146935 -78657814
34828457 -10646755
7706860 40215233
76548737 31357148
54608527 -28651753
19192557 63656314
47264717 -12456022
4857346 -16365416
-65041628 25626483
57937065 -20939393
-98592735 29934450
75535617 42523470
43314248 1613718
-33943283 -52020938
-6392534 71942886
-71909962 68256977
-53654646 6102439
5246875 50474143
74510738 31075810
52575154 2399945
-59194511 19559105
49022389 78464831
-25312309 81328308
-42305724 -3894694
-15537401 -18741217
-58291693 -85512666
35456495 -34916840
-44486188 -96560405
82482526 -93947190
90305035 95000486
-17604443 55162335
31514432 82401608
55382124 -55792467
-59275662 14101414
-88272793 -31471294
76797311 -57354684
64264464 -3906657
-12462007 90341158
-23967794 -84026427
32056944 76029332
-43372227 65937645
45472558 -61387823
19545679 -35768434
14074304 -11717795
55260271 32468476
55206824 -4765962
4923003 -75791927
-83192051 17681667
-99873800 52554319
-30352973 -6111746
47806080 -70169061
74511893 -66233501
-2078832 85759337
-70320769 51254338
26507555 72537419
-26319715 19365658
-97261936 -6729878
23720175 -12464146
-28524606 -55294896
71132286 -75283205
11912225 47961701
-36054434 57712032
20495883 -31251776
48939951 -10450241
-45227885 83924521
69062917 44683096
-57785477 18195935
-75322103 -41469141
-63226739 -19447675
-78829467 -662662
2127503 15239905
88218125 -84498126
-92545494 -25817621
-54957493 -99306141
55618094 -3615296
96447426 3159098
-61110276 51363418
66494782 11884153
-19549675 -42689650
-54905438 -62645680
13931376 -82883184
39028102 -22199966
-34343379 -53775863
88607434 -31368042
94801293 -56021687
66805346 19773503
-30722247 29456478
-82701905 -18116873
83124459 -58632651
-92569045 64322954
-96569642 -2893829
-36936486 48223735
53349340 65704073
-10670787 -41092814
-10816124 -15776948
66541375 65289675
44513615 98642732
-96172450 44670919
67595015 -92035374
-97454758 30565845
12918127 69391613
33910405 -44194782
5849591 40468822
26335573 1575901
-38376212 95487276
58880303 36012642
24971440 -90011634
17696146 20781055
1477115 4155590
-61016360 -87524400
27618679 -44564111
69302103 2650697
11518461 87420188
46974701 62214106
-36931225 64157185
66397198 -84134163
20788662 99603260
-80902825 -77169726
-25322521 -92321081
45666324 18913247
78548812 46854082
-25661750 95252111
-81609735 -6061631
63673494 -40944741
-54350618 63163231
34203241 1409102
-87216699 30027622
22095143 26098196
69672535 91715628
46083994 72165449
54377207 40844285
66185460 -16871080
-62098788 23935647
-20605814 86213997
85378455 -30254680
38401766 12122713
47354227 -51157
12116062 14791730
93970926 -13949847
-67353907 62373142
-63968605 96883388
-22563260 34043072
6477690 -11843839
-57650474 67117403
45522160 -38167009
-3145227 -57505890
-92605107 -16153373
72491888 -87463684
92766152 55183044
-96894083 30019450
62161300 65710044
-44505151 84935837
72291786 21031618
13179006 -8771748
81876514 -55001370
-59071506 71117717
-78787670 13204612
98820180 8428192
-58528494 -99344553
-98663931 53472053
15180686 43224705
78307926 -39722942
35879324 -6095640
-29948382 26482463
51764363 42617119
3632058 24910100
-40810139 24797435
2279462 56173520
76453653 -33737210
-1981033 24006892
-61694927 70141203
-29186854 -58985719
-21688011 -83056721
-4207524 -37265032
70105338 87675212
22380545 -58160293
71492887 42428590
-8494936 -1530380
-40432642 -36955240
-34451848 -43924080
-59424005 95431492
-18693136 -28444031
87541702 78785199
13737444 22475510
-65542856 -60854176
-5857605 68051944
-82206931 10431341
82890999 58093393
-1935222 93343900
99555661 -68512601
86668157 93199494
-94406643 26567337
45568241 -16607054
34911535 -71843907
-81574406 -61506286
79905824 38393608
-84475273 -66856723
63249450 -46451172
-75025611 30895845
-18926412 -3700303
-77117140 20177450
-19903575 24689010
7012332 51171759
79470467 13555162
34639344 55493935
72107430 74690290
-46627379 -30965335
44680392 24772329
46726924 -81529766
-79568507 -31024044
43913999 21204964
-59598050 78948566
-15242320 24758125
-60472403 -3666401
26167925 -38891614
81340121 -68353990
60048966 83883186
-44379065 -43921456
-5453150 15045708
4242368 58239823
-6187422 64506774
25730822 28907317
58817751 27930030
12793354 -41544357
30999625 9355507
28067105 30499208
-94158744 -49173718
42069549 -18226372
18641715 85597702
2016868 86535015
-91136902 52236431
-45872499 -60406674
-34722902 96144127
-20887291 6245687
-81690207 -68379772
71901487 -51570377
37235335 -10824557
68693997 -61208843
88203560 24863990
49549684 -41895033
57713036 -83325287
-53185189 79638912
-99945504 -1710095
-43846824 -26029426
96139673 -12643993
98973177 52314876
46735119 -23802595
38498938 -18959420
-31626707 52444005
-32272086 4005676
-50663257 -18129949
36700411 -57726201
-94617868 53308661
32242817 16575058
92120734 29336793
-83533312 37094219
-82758643 88485320
-82946610 -72932709
21808563 11067379
-53727341 98337705
31542260 -64103616
-58263267 -15175993
-9719784 34026776
-86037489 -34812142
-85718732 70047777
98724986 20757912
-3540811 -42293735
51345790 92338858
-62413205 -32434751
22123874 44865608
-73919619 -84953268
88542342 -19768978
48451636 67970496
35855225 81970149
78443332 -86785417
92103996 -41472078
-37670556 -74759520
-4322535 65196487
-54209292 -78194130
16503049 -47693344
60593709 -73827449
38175782 56230035
-66786862 65790211
32660279 -8134012
-27646373 71127558
-96428740 70140421
58433572 51378584
34844620 78063164
88393159 -81499265
-99339607 6332166
-22615159 -8209992
-83239432 96236886
-47985289 13548068
-9385583 17823941
69605607 -37347846
-99375797 -31554813
82653164 -84896270
62710565 -44627378
-93841919 75538872
-14172203 22410593
-9738419 40457978
-67070553 44802798
80445445 50368460
98462012 -67516612
-54787240 47329703
47715871 -25284571
-65996828 -51656922
38884867 45097355
-94247050 -10221357
-93826395 -77465329
50020900 -60734237
26009338 37090236
-58761337 40844135
-6891597 -36819926
83887889 75302654
36442588 -69454858
-51101389 -76966782
72445804 49784882
-61080233 37239126
31759077 83086865
60771385 99853994
40815029 -96362984
87942522 72382848
-912718 -95083361
54744881 73259302
-51340024 -92594615
37205298 -55990377
8502486 58108474
-52783958 66748008
68819726 5259036
33186289 3987315
-5373044 92015957
30763510 22525844
28091197 -89427668
23066197 -842380
-36637748 -42969662
99688128 25231568
50322704 -53452041
7564423 -82438165
-28394501 93095011
93234764 1221488
-17030558 59959616
65712806 -88082340
74254189 60601508
33120002 -97764879
69776731 17412336
-16402806 99334138
18848949 92440585
534371 -68138807
82509447 -44738781
44352310 -55914178
-44051326 -9788916
-37542607 98773616
-36793979 -52702640
88681331 -9997384
-79325150 -96327465
-38006307 10157765
-84548868 78532630
48761137 23459129
39531725 88593411
-81834444 -89340521
-55514184 -56775536
16372486 -60011589
88064996 20810613
23385779 69534093
29383429 -90658993
-20635106 79158331
29551696 88054653
34863531 -55696086
53515208 -50716389
-56816431 91750666
-74770142 25846641
45420667 -3299584
28647156 91262963
21036135 62941792
44844059 33063808
76103182 42287788
-94053300 -45885471
74739018 -84267114
19841758 -69939079
-82288750 -6507508
-39063826 -72100533
-44757222 -16343429
-19758420 13898307
-15482437 90776541
