3000
-44447734 -85326144
63613578 6571330
-75499488 26281198
-50235127 -9859846
68281287 95267569
-5337518 52743242
26880508 34491842
75701861 -70682200
77838792 57168575
16681244 83525722
14898352 27464661
-50923937 79106583
-99721006 6671883
66084068 7683042
99933270 -27711978
55228904 -42611751
-86639106 43098888
-73353014 40822217
60472578 -80982193
2714091 -71613840
-95160429 602465
25560583 69746940
-18404478 -34929241
-43881274 -95169803
89673318 1162383
-39321791 -19599906
40711475 53041477
44435586 -39238115
-75965110 67960515
-55549001 -38487191
36684698 -85147771
-36740051 -21892629
-74612261 -38946224
24375786 61678668
-52072214 39193327
-49227683 53803304
27538047 -93139437
-40340602 60313560
-3076138 -89636981
-25863942 91520865
4044518 -39043742
-42633829 -15198701
78027305 -61362870
-2194458 67085944
-14012563 -72799853
19624652 -23210082
53413620 36173053
-3779796 -21274459
53541500 76715658
81868152 52730606
-82225606 70367710
-73754568 98007797
-42790629 92314703
15564874 78072804
43274088 -80299914
28535585 98154976
-71650829 -70396547
-76129150 -9563584
-43340507 34441154
-81332839 -55580181
31095576 89053399
-63694 -39125041
-83250364 33873241
21348446 -60064281
77731961 -77380230
50531276 43264247
78958928 -12468420
24903819 63276031
95894025 74331028
58896422 62660440
-82360340 -2233217
33082001 6242844
32783358 -10263493
-52852165 52578120
-44227200 70182366
-15085012 47223878
69013995 93848116
16446477 -50408237
-7235827 52123879
-26055161 -33102357
-45271368 98070215
-68243443 34186222
72777465 23469724
40150915 80107636
38090366 -36688227
-21772409 53336415
-16486899 5425331
84273203 21437874
76101322 -42486070
78371338 92767838
99681546 42257484
-66601297 -84368770
-36508703 78186506
43717883 -29482955
87306261 8543672
-88851261 -37234762
-51672490 -27806559
78113969 -39671892
66697274 49816607
-91401180 49123149
-27693882 90828108
20520247 -79454006
-77497515 6380190
-23353326 -3768217
-46255749 -89768030
95734371 -15213889
83826202 -95321186
41230035 91398279
17918448 -59349035
-31237723 30575265
-36264296 -83822260
-43914389 73824300
-78800069 32494798
16868652 -75822441
53506929 -77815189
76730333 -17874608
80100349 3131147
21042752 -85522230
-16136700 -62766436
71478593 -64902544
47556473 -69466215
-68177802 27395834
-20224208 35768463
-70333173 -94292294
40685463 81613443
-38243900 57969570
-52686106 -56134749
-24153508 69295375
83714452 -47281225
64126364 18694904
58058542 88284372
27615271 32926859
-20164444 -76407922
54375490 -16593292
-16264407 -29820994
8948193 24264656
59605089 -33112549
18169642 8889711
-24185159 54314145
84171687 -62202831
73656573 -96560885
83647601 67261652
13740405 17870923
-24902961 -38098398
28829641 54138027
88020096 77112654
-60066721 -48043154
34415990 70503529
-83769129 -2021165
-8210541 -63643920
-59526250 -19476165
78772549 -29024148
44089699 -80927998
6235943 48840189
-78735128 60947279
-83139482 -34717397
-99511796 88008996
69699729 59376540
9685639 -67013007
-12633615 -49054412
41043143 -51073312
-43093486 -39802979
84674649 -21724370
41853307 -7681
-87377079 -67062813
-48323429 -19189340
-14393703 -51871615
52169880 -31393668
73056646 -38664890
91337944 50504152
20768117 63480875
97593718 -81870544
70781990 -81264203
10157249 16750359
34813583 -55704037
-88638271 39178918
15963452 -55981286
42349074 -1919915
-78401780 -93170393
24030744 -59559603
19356382 -30736698
-50055194 1535760
68723925 2518872
81506754 -99942452
78058964 1816290
49894926 -74896465
-44644049 69188778
53092515 50314518
-5672026 40118230
44494721 -40293233
-19218386 60531317
74066544 83831307
78005836 60185239
57923496 22571134
-58834824 45628158
-33921041 63138683
43055281 -24025618
69336565 97567517
29536859 -7411664
-86402045 -49782940
-26166823 27224936
50531507 -50717366
49376393 93154156
28373933 54672975
-43191359 30048293
-51214633 49115320
-80076775 29089015
61664722 53925476
-79294651 41946197
73348767 -89314154
81666305 -90779449
38643450 -95927145
-66616055 87877268
-58430623 -66717413
15408382 -9335096
-30959232 -15715853
-3238794 -72296057
-92897468 -53972072
38991542 -41035109
-71989472 91739667
12885300 -32754985
-7242157 13015235
18509985 -65275865
-80757481 -88312857
-32337778 -91454653
94263816 61395782
81301514 569343
99234862 41657789
-99228008 82407699
28408621 -91163540
89097915 -96852812
-47592273 98336225
55512424 81441070
-31587506 77006724
-95444090 79427796
79001627 19021758
-12433174 -69938709
-75327184 -3882456
50675848 -5907687
-36484824 -20820842
-54696733 -40558808
69050564 35006566
-49213844 -84554868
-15763069 38375061
56892221 -82508779
-53278288 -70881955
-54672747 -26164600
-33152562 66601576
-70313275 38252226
-66638880 -95976748
-20005124 -27356656
129020 89058250
66256896 84083777
-90300976 -47206937
11213902 -97715083
-93385910 10025002
-57228987 -16006063
19961256 62622790
73630462 -30658299
-83955820 -5498355
-78821125 94879026
-81052203 -73758872
53740035 -27618516
-22020453 52399791
-36720110 34253140
33841080 -79311245
76487083 44683360
-92714429 63445213
48519012 18480785
-69753563 -72317615
-49783555 22035481
28671079 -50059042
-10727614 91389938
-74455110 50414238
48901021 -29281123
-31875054 -11365074
67072924 -46739350
96227569 62635839
-8285574 13991289
37162973 -45944309
932613 15986489
-22805354 82119265
-94774970 -53398652
61592634 -96932258
62668967 82549075
57416413 9969782
52122776 -66715166
97513698 44073607
86474150 60350878
-26900994 -3280969
-44846572 6624197
15464225 -5630492
-90049360 8968990
-69228627 -3763503
72021386 45080103
-63355775 73397381
70328323 -80576481
30719025 -50191106
-71984114 97602448
14380495 10507340
75327456 4280492
62336846 -27488192
-62939550 75382217
92393056 30699792
51954510 54634992
98939559 -49285417
62518132 77542190
9095113 -95787334
2174294 54316779
20593604 -81022660
-87914382 -41636473
-87655729 15580983
-4773445 -10506763
-77339220 94813695
6465271 -3982735
84182285 -46303028
39003247 23542427
-12420762 91900172
3087163 -48031237
-43847763 -39455561
47108551 79733664
49884858 -91758112
34944160 19383949
-62892267 78653492
-37295859 -69459461
64976871 -13302846
-21705183 -97838106
-51951541 -78797887
92992914 -48313805
9475971 5383422
14864256 25026929
-19893739 -20725601
45670095 -7691188
8597556 -35296451
63517772 -16887415
-88814141 85440080
-33438580 -76309581
-94035842 54321365
23508461 53594625
48438801 696397
-47040657 25219593
-45772708 -66300198
-43617169 53475148
25203805 -71154976
-76770048 -30291815
43134434 77037295
32746319 -76314619
47802517 52051232
-25940087 -18589489
-50802855 11465369
-78586632 51333892
-72654552 -83583654
40442335 33726534
16268428 63723288
73651025 -23315260
-10752030 13448754
72968022 -90142110
18649835 90019558
59303333 -2922260
18058853 24595498
-91774758 -47503284
-8816822 -27160577
-67766586 -80178740
-19997043 18924429
-93199956 98168724
11008359 72280512
-67189545 63725418
79580592 -44943023
49892513 46663023
-88517791 -59568645
72035828 -59993119
-58413892 98963510
66971815 -30297185
30732121 55361093
34987268 -17499322
68196996 33914643
-78735281 -88178652
-65447272 -22551496
1198273 -51458528
58269471 -52746748
-41460780 -97068167
55018131 55728810
-20287540 26242999
95797819 86819522
79173288 -50939881
-46262686 39386270
-4112232 -2018011
43347366 -32478075
78464047 79620343
30088156 -6066611
-61281846 -69072852
17970169 -34018907
63937080 1245040
-11551740 -30821258
36849481 -62981375
-94992316 -14558082
-74210605 14705336
69315853 81675517
-20625584 -88884389
9159372 -53755710
-93044251 -35358424
-45585613 -95285067
52120973 65068971
-20881933 -48922646
-96630609 -38032598
27396073 13975370
17361969 23355326
-39186608 3915184
-1421726 -43592870
65848980 64882324
50215991 -19116073
50991981 60267977
-40625854 89003583
15011863 -65393542
50408971 52145500
-75312940 69531585
91179310 88184564
24776673 23632115
-29255033 26187817
86138798 60039205
-88142163 -4071139
85421535 -3454257
-85997815 74630308
-39210265 15007473
-47118948 24083922
41193533 -20092146
-2667899 -82814631
58479661 -31136798
69199006 -7542264
71080230 85050898
-20631549 -93942380
-97213285 -36754769
-48411689 -71248229
-70943053 -23209290
70543730 68431338
85953225 -18102265
-63936097 -3945325
-51180236 -31790026
-76818250 49458839
-72056928 -68596581
-94260991 -75685491
74259575 -92459978
-3477155 58404280
420703 -16914359
-61477957 22106209
93231986 15663111
-84542492 28056810
96379924 68426037
-82775012 99656985
-68348058 -55751397
-98950231 66057488
-42831385 87402826
3870897 -79210311
40029878 -12788061
-5001532 -9343573
-68057956 66541418
-64466072 11667756
88738370 -55653607
-11099583 -16617427
28538258 -67492179
80865672 37545741
-43062420 -88211959
16217653 -46470823
26924921 50083215
-55946686 -22958700
41957328 -97589979
89521222 -2593418
-43794183 70510283
-31171513 -96804603
60698434 -9536723
-31771419 9240712
13235081 -6140039
-50691167 64302446
-8202554 -39360378
79259209 12592907
-81580612 -57432774
9401912 58391028
9239192 63394416
-34956143 77055746
97408665 -93220210
-56959903 -58346661
-4198985 -10990858
-17450179 -10507995
16198266 68630936
90757459 26502292
8939423 48594156
34520636 -9757835
-7504367 26267762
-17334829 -64843209
52021888 48409617
-95983356 -64629292
-22658985 -35459084
54605079 56621130
45621828 -87691300
-83297431 19224406
69638956 62790747
58393916 -90463552
-93646106 47035969
-46331724 53565099
-98432333 -94964206
-64933990 12725359
65990800 -21965475
-37544272 83621635
-43497159 92968010
87869187 34293237
58490210 46884692
98319866 -51297810
-63868561 -31097237
27338566 -14477373
-40488444 -51773617
76631320 31464141
-25902113 -58155487
30802831 19739419
-71698106 78109093
-3963426 51858597
-3609752 -61263099
82107796 -22411911
-2608435 81308923
-15242013 -36014816
72323253 99716217
-92933975 -50772654
-96771738 92629936
-16301985 687237
-93321176 -77077674
-7337960 -33284603
77270866 -69240680
-12232473 -93308155
36394541 -57130227
11430912 -8585125
-81859794 21407031
79614622 -69911570
-95288274 -79830856
-26566840 7861912
-10645400 69551847
-27304109 -36311996
-90561929 -954496
-66424470 74841609
-24344559 -52417692
-32150767 -99050439
-91258464 -78505854
16831907 -27053244
33720540 22932440
91410439 -33211052
25644588 84801369
83848697 -43135712
24195996 82423773
54915711 59150546
-59851090 98922630
-16826515 36352082
-23260850 47817827
-70904900 88519105
32159112 95075821
70587182 -79106384
43907446 -2953630
79718129 -47745951
34568938 -86925663
36737929 -98487283
-14365443 -70122397
-91344229 -60032366
-54967105 -50827045
30515733 -80318151
84848414 11476965
3536086 57133353
-3500663 -77005410
61767010 75143800
-63123887 7338706
-82575389 -65933718
6381 30375005
53309170 4777652
64397015 -83745148
32708112 -74494047
-4608593 -72471077
51755859 -18520810
-28981373 7494884
49807500 -38094969
-56147649 -80737698
-25207119 -95220948
97385209 -74977776
24190946 95264815
84013530 28599140
-30323589 54712707
-46692265 32589345
-16807869 -63468665
-10839864 9279051
57667984 -55433865
-86430968 78992802
-95670311 -87061876
24223144 29229057
74423773 7883841
99732469 27694275
49984905 -62104550
99015788 -9675551
-53592765 -89898010
-79648986 -30373767
99935485 -52787814
-2051753 37614124
-29208326 81161010
96687301 20584026
25065432 80676251
41875726 -40675324
-56901411 -86619674
83120326 -78784180
9766243 93652981
7346584 49974698
-2517024 -94493623
-80490947 -22668193
34161615 -5604616
-74335370 95007247
-90830696 88823474
-60258961 32148551
-18112695 72737879
-92000717 -54488369
8034446 45949548
67177821 81887766
42652320 -8851961
-3392110 -18834042
6247380 33217262
48968183 41177384
-38692234 36627274
84397439 -13127758
82722712 35806056
30040355 20385596
88490572 43626556
-93795262 -93000967
-37933744 49788113
35550425 13802980
59839484 -58281825
93688095 37152111
54808200 64623591
82510570 -69673280
-82400422 30877395
36575724 54701602
-46510084 -35719231
80894932 -82668198
68308526 -20818118
41484466 -26400562
-17366954 25225765
-1547044 -77865624
53942456 -51142793
53092800 17835299
-68185540 -93766608
-64642540 73484929
69295123 -86602766
23982620 28985285
-42008534 73061363
-31886280 -83067564
62024325 -37349548
-73963752 -66252208
-39540468 42956127
38610688 -13850507
27290328 -39466396
-69342150 -95211812
54346900 -54852204
81187804 -97346560
35745225 -99339779
-91223131 45663785
62524879 -10514204
-6887646 -37731426
24684875 -74637351
-24120497 -92746163
26709281 -29447050
-11921906 79720224
73964929 58318329
-41682513 -97560674
62115753 65360053
-56877981 72083396
-86922608 -69781826
-4827053 -40436744
-10298942 -35061129
-93606995 -90195291
-19544482 -23745437
-56214805 -83497485
-56944521 72788135
54765252 20767967
-19360985 26106004
-16420689 40554705
76942261 10301244
5848130 38588240
-48038491 -74467468
83033311 63197797
27188776 -74933215
70976963 -43895880
19067950 14691276
-3011446 -53013159
72621056 -46158636
-64753269 50169954
-38173881 -45412973
4750332 -89987237
75512113 53084151
-42753751 -17033342
-6424438 22185231
-18432463 46743312
15606016 -70636047
-90399494 -65712435
80357403 20273031
15430157 73491690
94090351 -4562444
-25840197 10350708
62813004 10009983
49576854 -16759139
76549572 -35677649
-94180141 5110152
8414410 67821792
25480960 18306148
-19116781 60134145
-73732088 91272704
-95999314 45459242
-42176199 -62310477
-34929643 7570313
61661259 53699997
-82227254 -47865247
-2825394 28704814
43699439 53534315
-38882766 41197950
-22514279 36816427
-2089792 78076609
98520027 -16426241
-20172072 5822850
63654259 24318587
-90240185 -165337
-81248006 -52123623
-72492118 99742339
-83313991 69548392
33205530 -58403761
-55506422 -28536869
-19308362 65412481
-68664157 -83517776
29311302 35252637
20831200 -52220854
-71648879 39801260
-27260795 83752645
-27545164 -23249151
-7747824 2630896
29630512 64959925
18550625 -7013517
82440083 -25893529
47564539 45525923
84313349 -65440487
-42929338 31752847
-21124712 10415552
62947732 -2104238
-13384341 65114841
19043034 -30467018
-28006429 -36633829
-79021347 -63233272
96534127 -63872463
-91702313 -28740869
89718944 -58390996
-2239858 -47604857
81957208 -97799939
-57763061 52698228
5691528 -23368758
-62787861 92709446
-52924287 -39290950
-68797085 -37403860
-18800077 -68079900
53645113 37422821
41332328 34461243
8572257 26620245
-79428835 3480152
36104018 76762097
-58926384 39991126
-48102595 -96608713
-64168107 61112041
4357617 61324591
-62725938 -64613686
-86516984 -61491700
-8489599 79834534
90817922 -72269162
-8820717 58437710
-25985428 8616627
-28180971 -78858639
1997341 -70123416
-97966818 -55019958
90675132 55198719
-38864194 77133272
19114239 69717736
33493100 86904518
-39581436 97526827
27087934 -51006981
41558116 -78733271
14978734 -98269526
31492449 28272333
-65024280 30509133
-40175578 90297629
-25734244 -31638566
-34670851 -74275130
27137697 -71119445
13855383 60412807
-59334844 57509143
50484091 -20817721
51134973 46882253
59964750 11735808
-41257224 86305308
-28974392 -46744766
-2306329 87855413
-93990164 95289579
-16963296 -46885097
-60249735 -48804116
-39563135 -87523791
-56497745 -45079747
-68393325 -57774590
28660396 -43686148
-97527745 -4949501
46597903 19681103
861058 -78407239
91517787 -36029485
34412242 42540419
-80983200 -14125016
-72989649 52443235
50667566 -79234478
-39760876 -62486848
-95445536 -25875047
98529536 60601895
31872740 20960457
-88056411 53462293
-32289022 76859462
-13572137 59937882
-93547212 -70358926
-78548665 -10258669
-95410457 -80671666
-19844810 61615324
-35224351 77815656
69895986 -75967092
7419201 65537095
-48091680 87726988
-22264613 -63198866
-24713902 23618108
-17755933 85382387
89359365 67583319
81057078 -4347559
-44607454 -23600186
66757454 64790799
86673060 -75089121
-80848131 2922137
-52326755 30187585
-71466569 -89173437
-44369609 -86743317
-60570053 -36153803
68542047 -24000887
-35331473 -46917706
63856314 -96282395
-91410483 -85538530
91959164 -87684299
92746826 78420543
33302453 -73174115
88830438 -11299633
35828665 -94997732
-11694709 47897598
-37144971 -24705911
-39119028 -61918205
-77436151 97282104
-85648152 72116395
-29695440 32625307
-88821619 38095508
1348086 98890749
38454737 -11678124
8261417 56687150
33047696 -92891341
-68423539 -62516676
75558802 35714665
-58095705 -10163780
17217607 77252920
5369787 -88664686
33660233 55875329
-34234567 -96848166
-54622506 90901055
30681281 -25206018
-3581917 -33641301
-38645202 75104515
-57506879 56003468
-97190934 34129687
56088950 -84014137
-96220610 11365793
-93376691 -86547323
-6274843 52692730
70238092 81583991
63769962 -49538084
-87424113 -22169256
70633662 73249213
27167186 96050306
-95922223 -75174475
43742324 -22294600
49137877 54895028
-14419463 -37665303
-37965351 68137231
-41089538 -19593615
-92555551 -85153251
20914620 -46937041
60092343 61689926
33595206 67824451
54837169 30723445
47606614 21070213
-10413910 -64332555
-1443271 -71030733
-87629329 87826475
19559865 -61949234
-87079903 56313238
-80080703 -88872427
26549310 14513752
49496488 -42818909
2023658 44166126
-68154156 -37972658
-81452624 13983686
-96446418 -49058723
-89277501 -51927386
23423443 -74352381
84478803 55401853
68935648 86417701
-57290789 94194755
70250336 -22929194
14626078 -29895714
-10803701 84443583
33740402 62749507
12896593 -64337435
35800070 -96888600
5580792 -4764476
79349136 24056545
-3103199 28987240
2434691 -63834985
50295921 11928970
50537069 15085118
-42548098 28039225
80794029 76036388
-85470226 -46923011
-81401289 -5169280
12211908 -29478917
10948595 -85492407
-80433694 60319688
21582092 -32355425
-58217902 98978442
-8279346 3717327
51535164 54417147
51724518 62244943
-42414169 -56520180
-59652956 27298837
56629727 83117515
-79096169 10796573
77138150 -82704243
-2052468 33543153
2278409 -68674465
95982117 -27642906
-48701206 -77932387
62088752 -32173248
-50383070 56860787
-45606965 82980910
-13850827 57741089
-96562078 28509206
-27631445 -26096921
-84726967 -35003526
-33743502 93005965
74998168 52461388
-36776853 -24948673
-52544945 88326187
-82184040 2159373
75758680 57670489
79438078 -17591059
-76452064 9247603
-70818477 91088437
-26338863 68118339
-19365896 79339857
50446536 29341687
98791427 68820864
-43297176 90025295
-64824714 -47218577
98019817 -5925009
99780801 86508047
10116063 67751703
30446745 -12657749
31247615 -34168331
87118629 -33770410
66964838 -24303170
-1855977 -49457609
-91711272 -71317315
69793611 -63108734
40452664 93938467
12182823 -99873188
-86041865 73489389
-54393776 -14112181
97695502 -16829450
-61550986 -37133961
-92855203 -97024603
83135181 41059794
-75937155 -48950502
-46717678 8695674
-54141305 -72045849
-26432250 68588532
4297302 -76509750
69114722 97665556
12955611 -41691806
-86377430 -5000129
-47232813 -13021345
47591921 -85048657
-11195145 69392088
60346412 -69124295
-28520176 -44285489
-12580970 16259651
-9003810 1319517
86155536 -32723680
-49785712 39395617
-4386918 13374997
-39942623 -87815799
90311644 -21406646
41357982 -431567
82601946 31911839
21270894 -54362509
90690246 -71986640
41811167 95718705
63394586 72585029
15047891 -21061140
95982210 -87986669
57515174 -27190292
-69246750 -87121843
-17674597 29250132
-31165005 -99349735
86636680 81663257
91006180 -59038815
-81825009 -45627299
48313148 -93366318
22429469 90014877
95945911 -41653936
87879147 -22430937
31795160 -35098507
-66270361 68618389
41637384 -44001476
57733611 -35899827
66532691 26792529
-21939634 55756859
52803026 -13118626
21668495 -99872843
36779461 50760939
18591749 -6324132
34630209 43546120
-96010434 60135296
-23166542 -4626591
42980248 -7942490
-67494913 62839411
-58002005 -96715254
30002450 -53803192
-58458301 53501507
3035652 -23260553
99464025 -91789225
51695062 57188124
34098407 12442742
-35124663 54691025
-99482555 97436172
-6544552 72130630
333542 -50482165
-57644830 2324526
-19170030 -37113421
99547861 -35244927
55047282 -74863484
-91293013 1004691
-8969235 29469160
-37741173 -20914197
-83023875 -35477559
-88968014 -77810897
-19257526 -33794594
-4103375 -20207736
42974741 -45453302
15613060 76151173
53525698 10829505
-92637776 -51644136
63145198 65259106
79647565 -67092762
-38489030 70751212
34685969 45993350
-39702283 55176949
27526599 26222170
-22422734 -57647855
29834440 37306522
61188322 94581554
545633 28880848
-47020209 59392547
-41257165 -27793432
-4939388 -18961284
60990887 22703563
-99464338 51408935
-72758586 7283895
-76816379 -80177997
4079947 -4097957
-82584635 -82167189
94912105 65339513
-2077018 42193706
-54486227 -20436020
23451138 61355092
-60518125 75391858
-37641309 35989386
-95702657 -23539387
-54822322 74957235
23152936 -3468884
-72137390 49503880
-76943341 -42257540
37252937 7398162
-73722711 -46991151
77671201 -7388399
61418770 -85900741
30359419 -54674429
66728868 -95411378
81388748 -8048900
4082584 -9128206
-23124700 96435415
-68290365 -75108444
78759664 -80733181
-32564103 30914173
4650557 69181356
-91724180 -62778235
9552399 21237521
-20414570 40726920
68731246 -57502543
-5850959 -71466509
-7104358 52261861
-89265650 52394779
-49894807 -68766935
-63882672 76902690
-9294241 50558697
-66724234 16609808
71524337 75737164
5847969 2121923
-67278432 74882308
-80132237 61211656
-38099702 61727705
-89005894 -40446557
-87046774 19847183
-34194435 -88128206
-83099665 -69035984
23780544 63192005
-12112558 20627860
46144781 11672649
33725752 -99775810
-63324753 58631045
80999748 -60677820
-13045295 76041366
41154664 91483746
71025458 -10683012
-61831911 41638111
-7953228 1722328
-52149778 -62576542
-20090383 -41361163
18926443 11639649
79623360 -6859664
64278177 74608178
-34550517 -26840375
56691687 -97168050
-28942136 -36324174
80573848 60722106
18411875 -32132097
-21123470 57320382
97997127 -73418667
-3122909 -99045246
-25478249 -23531804
-29448135 91759403
15251911 9866723
3286500 -78788928
59598847 -87095984
-77859440 -64151408
-96261869 -13329588
57757947 -5248184
65624259 -71915306
15581139 19965045
63001357 50115463
-13703582 97286265
-1598591 20082858
-52479862 -24225103
-87581197 -20496350
-81973264 79961622
-65610342 37495973
72830946 -65123461
-21231417 -20661400
-58068690 29345798
66620924 65377083
79064562 -18785457
5522769 -67824497
-84417964 -68624149
73477100 -97508406
1167620 -32082088
38864333 -58851064
40688011 36201962
-32961871 2906902
67376325 -31015530
-99449378 -57567737
-72098403 48114328
85821804 49145539
-60614359 62539510
12573869 -9843455
72576577 58406098
-56903532 -32594018
-19386647 -52147369
11324766 95571889
39118356 -6125131
34341707 67082491
-80469871 19468468
-80689151 83206111
-98663383 -97135762
67484230 30040458
-64477250 -36646697
41636646 -39566554
-57220695 -14727243
14440682 -88397710
14233957 15735271
18163231 42749498
-48099622 96279855
90633001 -38915729
96094609 29993958
-90700014 -2507229
45669527 -202773
26517885 -99675345
-20042295 3866218
60608920 -44627943
20359640 51671126
77639115 -92928997
75310733 5750445
-2319007 40248672
-14640225 13506868
44650846 -48120087
39933543 68240763
70614921 57753127
-12786298 -99778803
-74855637 37095058
7336772 40677632
-40036957 -82148595
-11423942 -52185859
2940429 -92484056
-55197563 97939304
52805630 -18234920
-34012732 -38055122
56873635 17909080
-18223244 -30230485
33582642 42406109
-88821953 28340949
24767964 87035874
97791745 -38607733
-9760123 -34478086
-79075921 12472131
-81204229 -37916548
-21543007 -93943215
91467767 -37560019
84708258 -18627527
-96285250 -53567433
-82410964 -62590857
6748206 -43805919
-34014001 93439749
25285359 -67537172
-32974651 -3917032
47643514 -69006937
79007565 -70727319
-94004192 -96075009
-73898603 -54903057
-7298857 62012978
26237699 -22334110
-26220785 -9850527
66281751 94675479
-6360862 18237556
-28214618 -53308057
72902612 -76134914
46053009 -13368120
-76136571 -98251542
18428872 -73779499
-46588057 43741688
-58463765 16849057
98800064 44951591
-48078962 53733849
1943786 17122201
-6237817 -52907319
-40718280 -54632507
-76641560 -35124248
-1619036 -74570848
-68298567 68426597
-30827816 8907464
-36025478 38872396
37362635 -40825851
84076097 -54729410
-89089836 -77060529
-37233104 -91154072
82424194 90319843
44815233 -20772548
-66150602 38998124
24139595 93634298
88076203 15272119
-15922280 55932630
-13926144 80250867
-18611949 -94382867
-88435103 -72184434
55360936 69950989
-85049523 31106788
85302102 -60251018
-35320416 -38794029
-17122050 -19338674
14207802 -72030805
-15986665 -19518818
21717074 -11095501
-26710870 -66779706
-44485975 83489281
-71430866 78497871
-11888581 -93285105
-33119517 -13723007
48346000 56528857
-23381504 -61906924
61546781 -10785312
-21900300 -62006509
14102930 -66261658
38486295 63563341
70077724 34799201
98408975 -26277903
86246523 -48383412
-95901864 35041715
-64300171 -73805977
-11929814 -16270175
19181492 47290228
47848801 -74580527
53713067 15430092
-29980940 50988529
-57666821 35745809
74366451 19871066
32819974 -49580838
-41254051 -63156555
-26114088 -31596065
-74954292 36721720
62798978 21650505
-42893817 2301108
94312153 -48876472
69842037 352781
24272535 85620294
61153686 -91710386
71572937 95116594
84291713 -51636985
31320311 48339086
76102895 26115321
65950599 56003730
34366837 75720620
29788064 76975726
-15072866 69274972
-2090470 4079873
34185600 58623162
13749514 -78656548
32691914 -72580181
-69214451 71458901
2044541 38223339
-67467445 -70121951
68858163 -61600840
36375605 73560644
-61262730 9385886
-34928545 92253075
7089304 -67293802
24715932 -2242462
79282113 85851179
85508534 27137847
-10385775 -65159765
13846517 -55011338
74689343 57381625
65848712 33611670
-44161347 21120220
-11424429 63753907
76284388 64071916
-50453796 16555305
-11527368 -78492192
57529974 95450690
52030420 58001920
207026 -2578992
75530278 -49383631
-56336306 -60365525
-53077711 45924309
50923468 76394844
57631680 -29399774
4825518 -79846772
95112084 19989000
-91932444 -92495989
-7748944 -11646998
-40396421 58981831
98960762 -46832365
-16394723 48697009
-1351900 -3019832
-44098106 30462230
86097181 14860750
3943210 60412919
-61045217 77317397
76339667 77777180
-39108692 47884794
-49493688 70472255
-61802967 -7295587
-16394198 -10769916
23744346 -23336476
-59527677 30482165
17430521 -73150252
21731185 33719087
21411103 -30839245
-23199902 51604274
11801276 -63169882
-22228798 -37985769
30017867 30524315
-78886967 80297587
67963795 -43278489
77300665 -46472883
-83759196 -83726756
99890443 55786816
38640999 -36964142
84766152 -42534948
65401003 -70710379
-67856253 -1883878
74008453 27097868
-80945949 37862206
57228405 -675556
-48061903 -86580085
-81299960 -29166756
-89790161 -35698285
11047482 3664843
-20949925 -20629436
95878384 -77846861
-18199357 20939216
38275498 -11633231
-67191506 -66977424
59763291 5064214
36645538 22835032
21341177 85358322
58035872 33027882
-61864872 11274459
72077525 -36941865
68306622 -1570710
17421062 69402494
36627210 96853351
76910705 77292179
54572278 -33432532
-98201422 -28916881
-40690448 -9680162
21548012 -93935301
-34829249 24594181
4369934 22900531
-86585059 -8824215
77726982 61635469
-54645528 78847374
-32691527 -28788966
63316932 -31999419
-8945051 -31384789
84756881 -66512607
-95690518 33591573
-4696420 42745266
83841981 -26938470
-61574381 78174455
2264709 78233789
72427943 66341023
-10245027 2138253
-87618011 -38172164
29627211 54995918
46396142 44339160
-49461908 -80488529
-80155551 98896902
-60119154 98628168
44835234 -69845519
48448114 -5764724
17859320 -51576891
51426025 -26346709
-70701804 -69356666
-96361655 -80532486
-12108202 -61546091
70226111 -12930621
-67361920 -91709872
27128026 -60455629
49168335 -11565232
77843208 27396628
-92507208 44436356
-66394561 -5302865
48388550 -16286897
-7184922 91595588
76029367 10605032
62974201 -70128283
9774187 26657000
88307480 93892787
52844408 17812491
42652252 67918469
-38621676 76746940
97196297 34764607
37198118 63157247
59076432 94141859
91915000 185278
-39431256 53468549
37750805 -54930080
74374559 -88276803
8794367 -58495644
-80277622 89189024
-77611631 83592975
-10753531 -48399902
-53468781 40069089
82285184 78951884
-74008359 66755637
12213700 22682222
-82137253 29000907
64823201 91161163
-96930817 -18261531
-98506842 99020622
23618784 18272584
48127733 -14454973
84241935 34289924
-265731 -10004221
-89318111 -62178340
74269499 84737959
-18744301 36969510
-35589450 60103853
-16951234 7896374
-70839692 -2491764
98105159 -19451561
32531683 86999633
2096594 -37890360
-63927294 22513290
87392427 -53339470
19578503 -12074980
-30502594 40087461
-12303415 -35153799
-55821843 -91794759
-83561228 33069780
60739162 -85795285
58904006 -72831945
30399822 -66153043
40828736 95415542
-22005873 -82821077
29384545 -15042406
-61755053 77699882
36264963 -85543322
-27707611 74198431
18981696 -23367425
66899965 27481032
-28567802 80958581
-76935469 20119080
58297892 97533631
-19581584 81568618
-70101315 28870063
99584150 33498188
43132319 759476
-64762544 -68600229
-77609694 11700365
-56840820 -6159290
-10158082 61509691
39334152 -37875908
-70737656 -15667760
61038139 -19515923
-75266140 -41284473
75564612 -33008604
9888553 27910229
-27533561 97092823
-14391922 61044739
-53278633 62516121
4718924 13596614
-39289497 90539327
16790954 98293091
17999635 75032906
-44158431 49415215
-36477091 76005813
25637410 -3636930
-15627737 17280882
-72002563 -49520069
46046951 39710321
-65514744 83096035
8758338 87212282
28886634 3731319
5686453 64438732
-78005671 -65779075
-22544881 -75491836
-51932646 -56789815
-93597555 89462715
58765288 60481273
4354189 87661390
55351322 -4882369
1539735 39755905
-412014 -192202
95707699 -10677863
-57206877 95593691
24799279 -41809061
8344820 -71374685
-89701788 95005876
16227133 -64701359
-5118299 25108370
90888600 -70632699
-31828254 9955157
61848187 20708816
-35508865 -26758630
-77419709 -78312273
51232799 -90333064
17830173 -5976745
-7746017 -86968036
56380825 89968547
-6241119 -64666069
-19755988 14183631
-79788582 31082473
-54641057 68907176
59068643 33425670
-62405819 -164087
-59370275 53232115
549288 -92707190
-35316348 -27643965
-94215677 26866247
60964643 -68660603
21336839 84366136
-71719192 -97782671
-86358158 29961902
-57009223 -91894544
-67145137 20948359
543632 4863056
-29805234 -31895306
23939640 -78614114
99875737 61310086
-52054019 34541706
69166340 73927824
-12891533 -66930340
74925081 10710080
-55403633 84750091
22677712 87466269
99582125 69725653
-78842970 24401331
39394246 96940252
82022266 -98640802
-7755146 70209577
-55890494 -68554463
33163165 -69055916
37409526 73589811
3177253 29906274
39155722 90946387
5640285 -85731824
35255641 -81771442
-6287281 -80132341
-66268769 5973764
84858890 -28995263
16886290 26810378
94321948 -40376804
-31899563 68479109
-51201721 -40024029
38022314 -1894878
-45422021 -30891227
84909679 96067232
-97448455 -44244759
-30716320 30725114
-52911990 75229164
679643 -11139708
36209722 -79207001
27385326 72341666
80944206 -12268938
-25845214 -15046262
-42713629 68554508
85948727 21267879
55567462 82482264
-26005691 -47602852
78384971 -99571524
-27634858 -1883121
-73414743 -76029615
-54906416 -24199378
98699777 7352106
-13049468 65844307
-53120937 -75489352
-44638611 30624812
-58266272 40440330
-81412844 17820887
81482072 54382914
5478795 -26356619
-86661547 78239904
-20312375 -73987977
90993218 -55795597
-18349784 -47726254
-96450088 -63415514
199143 55326289
-21852912 -36828659
27222749 -44208992
-5287804 31299351
-99105684 45158099
-84905556 -8296942
-67241796 -64346847
10329025 -8893553
44965275 -57725455
13361233 -73332169
-39090354 -92569628
-57723619 -22049619
-52713689 32672671
-37220066 22403154
91055832 24431962
76199483 -10454600
-43964403 -67539572
-92054578 28446830
-3407477 62436911
27979947 -49640692
11355892 54952289
-46953863 -65127407
83939602 87545841
-65063585 38237701
1262075 65615955
50794636 29469237
-85254826 -83421038
-50343771 28945954
-94866824 -3255610
-9843043 15409012
58049332 17699432
54543784 61244003
-74780886 55170733
-97618968 -51148422
75322836 -54040515
-83195741 -29236297
55137207 66911280
-93370393 59773756
-88491431 25826819
84133747 -45546474
16359388 -31862145
-3819820 -156282
-16929998 427313
-33102104 69723997
-1531816 -80012235
-48766811 -74229392
-75804933 91306911
38084308 -49148435
9236849 -71954552
34555762 82379016
38577640 76016526
-51067724 24606586
-70661385 15033694
-48694494 34438627
-13610145 46645374
-85727258 36103451
-95245456 251312
-32883596 90546476
87119879 -72584257
70942639 -26045175
-64948580 -59143419
62465609 -44194375
-47632267 -49362934
-26424119 4488851
-88990404 82156650
-81785565 47245477
-63954895 -74616458
-32778521 -52529313
38004235 98804187
-7327485 67329850
-39324618 78407653
62012474 92888672
-49804335 -41533518
75980703 58176254
4789768 -42843430
41315673 93022155
11223939 93010588
67036319 93254447
19294061 -71544388
95598160 8036989
-28893642 61222561
-17157688 -49184509
39857994 35817156
58515755 -80390988
-50705575 86911491
-92854205 -61549815
-34247524 -62589334
32063605 -62450246
-10840839 4514308
40196963 -91861004
-5497584 -2373665
-47677691 77897868
-79589913 -10254137
-35398343 16944997
86315856 -76528377
-88600258 -4227928
-95668641 -77145815
86292835 78873569
25839915 -87571524
-80271060 68751615
-659187 22623042
-46265164 21640311
-8291644 -52052177
82383794 95952268
-13010965 -64103475
-56159352 5001587
66035848 -20533506
50351705 -3857587
-34300576 21353559
-2253136 5912004
-16473459 82243159
-47420422 82749214
-35765093 85409960
-26762726 71499997
39937633 -96297024
-57925034 -28253951
89178048 -41743671
78611433 -4995367
-96846619 30824210
-44341606 88580128
79865876 -26880880
-87814666 61154138
-2040348 -86404925
-52635262 -5707352
80754311 68826703
1083085 -54659995
-25718015 8900826
6635477 5603676
66465503 -65388528
-79297294 59245332
48804663 52064133
-70124962 -66106086
-9140950 -5733160
82775885 -44368506
-11431138 42630061
-24978565 99060939
55715145 -83727784
52542954 18368799
16845288 -18987133
53286788 73087750
57806697 -63152679
-17139830 39056693
-80701968 17817126
-3688699 34912333
2965683 23368086
-82040752 -22242162
62930326 26396829
28031765 37553730
80750990 -20547872
29014270 9569802
-15065854 27745178
92267902 -62290496
-55299993 27377531
33126514 -97635450
58529019 99445183
25173220 94806410
-96891186 48695662
83415081 42791092
53497260 58107232
-5373248 28771920
39426757 77734863
99479572 -61647113
-56554554 47458841
-50074540 -89119674
36985490 -74137665
-22096205 57934790
-91984241 37244095
79151282 -15724499
-95394259 51707068
89436398 48773257
-94735326 -30100049
-94070288 57346331
63232779 -10259407
-36211490 90519234
25071042 32473598
4361275 20801385
-91241373 59411786
-91339061 -64733646
95480763 -49283478
65912973 -17902099
4134675 85135616
-27147093 58782166
-24282814 57508515
-21713853 -87766029
76817229 -87933412
17442542 -5562515
-23947513 -69413521
55988446 99851316
37978559 -39677611
33785143 21880890
72676341 -7666673
-61542499 -20601671
-54932602 -59655641
-12366089 22793485
52114401 45307403
382776 58335212
36660499 50293916
84181937 -18395010
55171303 -17112464
41043027 41167657
-20918382 40594483
67912944 72093670
27840983 40549492
89842474 86382678
67456099 -38186107
5820211 29371838
-31904891 -68638881
28486756 -44827829
-87069833 -99928916
69487854 11213846
28392402 -10333922
-46656433 -25059695
68033299 -89863596
41562532 -70306378
97659772 -94483973
12677695 -85312361
-25806872 54956669
-59111010 88984596
23576427 -20276224
-69361945 87827006
-21462652 -86642017
3615707 -35354493
66457127 -14454964
10174863 -7633046
-29621447 -36412712
66527478 3061533
66022342 -95446251
-59706640 -13627284
81593137 13964747
61714669 -10388756
79514850 61364074
-92365004 -85669835
-62317031 20745939
-95030530 -88382533
68779970 27512683
86068988 -96031954
-54157846 91603910
67819416 -44790650
31123697 -9778152
-98889295 15593553
39519484 -23608236
-31144575 -8176095
71826312 -95334378
-95105280 39427744
-11551606 52809817
72579418 68552670
86391409 -90273993
87780323 60303598
-28840072 87485436
79138422 -11788984
-42089390 45813301
552876 94437361
-88770398 92741228
-49145175 75405565
-70345989 -76859509
-25182257 -4595489
-54842189 -14973719
-87472003 -1858038
-61357149 6503975
18986575 24377914
37582773 -59370651
18463828 -63312357
-25679312 -18537179
-17663641 20357797
24263832 -80165120
63943277 -42792945
74980220 45857443
-93146786 -24110533
-85039074 -48298819
2453289 32473010
95065963 -33020811
-65378708 -26765786
-14021921 73511263
12147832 95343788
-51791677 -72344848
51720777 -72367614
50236603 71259811
-46996443 -2021191
-42769279 94611102
-11648139 -29395854
-35826498 -72699577
-37553037 -67574465
98511742 13910258
-27505809 -6025325
80499343 -35861166
-21631026 -49331701
-84855600 34126350
-59486658 78892640
69469407 -92617081
77479347 83859052
78604642 25795236
78705003 75885171
-19876802 -81740920
15344307 -2750819
-95891044 -8509766
-1944294 -19416241
60227427 83412667
-84509590 -74100090
-48477644 -66130301
2022234 26735559
-96048298 73164884
-81078814 27419758
-62872659 10433949
92677999 -86342867
764441 -65386119
-51598544 -44284934
-37697933 29494474
59076416 85078629
68044897 22514512
-70690501 92840544
-42113352 76410725
-86926118 2859508
-69639901 -3579268
86941306 84311690
-24844396 -66730428
-12237289 68420257
90200153 -15322713
28556122 -31550467
-22436836 -16705172
81829186 -36173961
92572577 92571097
97477234 86901440
83683718 95250033
-24559120 35311389
-72451676 469087
-67746094 73613351
55712659 53339380
-54634918 8960665
-91932054 85267616
88394178 27522205
21541319 57604194
-3638258 33975542
-62603135 -61628402
-40633513 61291732
93294193 39287539
95671960 -24309257
39142615 -891310
40810418 -4075740
-43813451 59157313
41360106 -86512579
-94522602 -79883231
45789744 -67819459
-51683266 48270802
-89694271 -70760514
-17532081 32974713
-58560194 95040502
-78798316 -36423300
-99267249 74132330
-13693470 49942175
52225389 -31303071
-10250800 87594865
79245229 26553304
-29574281 31370671
32072152 -50519272
89140744 31349970
-43026560 -85679146
68636868 71122311
30396306 67369799
5109236 -71109193
44488739 -16954457
79021539 18039776
39688477 52261725
-76135054 -3393253
-31971708 -8281693
-64117280 -17549217
-4001158 -12117717
-23572440 -47149388
22852191 71914858
-88155911 92968632
29803469 -49876991
-38092684 -77307396
-99276798 -13299089
16827578 -26949125
-72276381 -71684353
66739969 -60965529
38688658 -73513348
-93227259 -14953046
36415519 15256701
49774146 -23963788
-55974177 -37633067
-89646989 -20041820
-42550071 -49432124
-11798264 66148683
-76303029 -18841750
15010813 37785695
-12807958 12926343
-90575089 -80308654
60449609 -92556968
74406958 -6796122
65474314 5516958
67161747 67870162
70793636 4085878
-9118639 18194553
-7715514 -37640797
25589670 7254169
-71147174 88588064
25196071 12738195
83140275 -77864213
18343117 50340955
72479788 64011442
94632915 -39976817
84993785 32027133
-28823823 11430940
77467517 -52850288
-71200584 -72843680
-66768647 -45558728
-35397534 -38431371
25636067 15999088
5247297 -1881439
51215303 -44188751
-19132668 92292378
-47016625 -86115222
88540496 -44049430
-66691736 13164684
-51274318 -39665728
-98601115 -6062576
-48122648 82660902
-52677936 -22491979
40178034 -52277004
86661739 1021453
29099370 -24568520
32951534 63815184
-59483603 53630372
-39154493 27591400
60260795 95876863
-1599656 99471946
-97391659 -79873517
-71589966 -93123472
73768428 51064161
85023879 55786455
-45220405 -39981593
-91569313 41807723
93658616 84911
89195882 -2230954
82211505 -28796726
-49942196 51941569
-82809759 4115951
52429171 13265294
23577536 -20948593
-92271257 -78584299
17718075 16921194
85072757 -14576263
42877241 17132684
-32366849 -94392699
-82928360 -15670279
48675911 19696025
-35313678 -3705603
-3048560 41177714
-78253293 66538430
-88668037 -88586519
-75398382 -5939786
-72600494 68955829
48164936 -60173750
62433956 37241525
-2094396 16727446
-6885265 17677185
-21823390 -42837624
-37870783 -69550256
88265432 -65754352
-19539442 -82171651
-86558217 -6265715
-68545825 -74878516
65733104 -37512322
-2214723 15949198
65019554 -24846736
49060008 92770964
-30455042 -18971252
46690710 73956746
-52587100 88320065
9150252 -46667944
-40277568 5482607
-79675095 73061788
57099965 -32905304
-53657251 -21544970
97546158 -65040474
35291263 -76597321
23608286 -56024697
62924964 -35790725
65603957 -69291595
54986235 -79061901
51949099 41315768
72498642 74434419
45840407 72974787
25250198 -94729929
26374480 -91083514
99154820 10891188
42658279 -72674300
42213123 91692949
95177982 -80749311
-31070749 -4452900
55432323 -80555842
44268420 -20748568
-56077152 32331150
61889776 52493513
3372291 15181761
-83707077 -8240532
-45178363 84879015
4984550 -61289221
47163859 -59745169
-25689770 74694215
-70962191 63584481
28527613 -90336344
-84352247 -28880447
-35966173 -26895313
52340188 -1200338
11331972 78599103
-28664830 -95993033
-35872664 25760082
-79931923 30541622
-30659312 73876407
4405606 75389494
21196585 -86717239
-91199712 -90414793
-27214638 -69470172
-58119445 -95155167
-48421205 -21838402
93898602 -43332672
-13113248 -52841790
84534273 539662
-86432273 -98429443
-29352470 48487121
-26895759 31807013
-12652492 38365197
-74097597 -43345555
67909408 -1064433
86665553 28600768
-74783662 -16985363
14847754 13665493
12757738 4885481
-86249831 71037686
98029027 -86480049
46352884 -97194574
30896303 48915190
20047256 -45842697
16373112 -75227016
-91906937 17602780
40468004 -98924910
56088354 -9718584
-57506536 3729065
-15544141 -21624728
56189645 -40515869
7677347 -32063872
5101849 -22801577
-79224601 -33042128
67036700 45900341
-36377808 -42997986
-72201504 -38041993
60483431 -39283512
6162860 5668621
-53645186 -26199200
11381284 -57866232
23799209 74947624
-25112378 78273654
48847718 -89990980
30481896 -92973751
21565023 8476785
99871772 -53070484
-76112288 -54140755
70610427 23375332
65827719 57665913
-23701257 79810750
35755083 23472965
-29643676 34877157
10470761 -93779309
-13102635 70383792
97447004 85980286
-60030578 69095888
89400190 -84206142
76804580 -51337240
51386127 66838301
72530404 -56367876
64693658 80464337
96502900 -84795423
74806938 28559699
49850580 -25093322
-24598948 -15739005
-18225639 61308637
-85298996 78698029
3604664 -51444041
-69407 95854719
-88917636 12344284
-18610892 29934820
-95559259 98444163
-85448511 13770501
-96061973 83066594
-45636914 -78223925
-3674347 33766836
-61803301 74494869
-58404862 999926
26463145 -77360274
17892323 98393499
27589524 -37460277
13170655 -96717404
-69503392 -39505035
77380260 78898974
-92195753 44837814
-96161702 25314701
49078265 55492059
-88014936 -71475360
63506755 50549220
79805606 -22506564
46063234 54062377
41628536 -94735038
80303318 -47039079
39023148 56079134
35139399 -47894395
-87193709 -66285885
-75963218 -26494188
53560165 77190248
54776755 -81998366
-85921481 -93639968
-20460729 -85437574
12953756 9386209
-46522430 -75096449
20543105 -69007822
-29815854 -8540711
11470039 65717985
47895352 51151975
19502431 40102068
70450914 91093900
60619504 27568822
94543466 88130388
-43390603 44493446
-102517 -35075830
-99986168 -72551619
95545714 -26355308
13575598 -16313705
45961385 -58868250
69242681 -72097869
91706194 -19570
89577671 70875981
54937513 -94786111
426062 36064637
80974274 -33937964
-59698744 -83575768
-46403716 38574036
-37982552 57823871
-42019817 85552108
-92009432 63051450
-42423633 -72151057
26453282 16911426
-6041813 87408423
96360601 -63383092
-61633062 -661459
-89383176 -974246
-62079815 86030425
-94600184 -29580586
-40011729 52659328
87034413 -30418441
67134790 -4392243
-18345159 -87360885
48945575 -88538974
-36936599 42892563
-47279190 -38283694
-35329975 27936403
-66394768 -32737688
-77083231 -20533679
78335005 14453054
-72604174 -1626731
-92863747 65578289
26391624 -95264875
76099979 -85547564
53474579 -45733557
-92105933 8067776
32681883 -98884924
81755726 -76506176
91023612 85517814
32557656 32914567
-61588535 -12975479
69653290 -44884396
-94377367 -29955405
-2658886 -38310998
-28871253 -7665114
-1508653 55417873
-45980075 30918587
-63075666 -11302672
38735970 -93636758
-63630253 -22184127
-64054789 30405811
19680519 58275729
-53739096 -54605981
61401868 -55704937
6009086 -32037484
49962339 29245484
-17296930 82432941
-9218882 -63164798
-61338972 -44415661
-49861479 -50552065
5498348 32070547
-21109429 78644819
86432989 -7473323
-1434946 -4152070
-50809420 48958411
49543983 13776819
10038602 -30641636
79361201 -88893567
-29233195 42121220
26872544 -75668404
39333699 53552035
-78266463 -86546496
63936458 -50079810
52818951 -61245972
35813271 87716449
90961930 -83878166
66034401 18690224
-94706906 -43239589
-55456019 -4001662
50542039 78779768
-75153043 -8628050
-4717510 -30263696
89980688 58496290
36202293 49579510
-71919171 -82138399
83864647 8128141
34895955 68510878
35296052 22297803
26542352 -48770598
76421751 -37692951
8921656 92253578
-25704530 -60114048
-58503519 -28588874
-22126730 38048218
-53713843 -15005150
-68492193 -48508491
-68484847 -96537530
-56770509 27631311
99383798 28529213
-8511972 77928560
59109245 -59424525
-56288314 -84317425
40203927 89770590
25838285 -17263983
84775618 -50277608
-34493942 -42087245
-37344553 81534437
-90934312 -41554739
97847952 -42011340
31938960 16108406
-96506986 49505341
81591917 -2862643
18502252 631505
31175864 -22912752
17974454 -91093585
94193105 -42894701
-26583516 35843263
38255435 -2037912
-53602934 49902582
92724700 6818183
-60811045 52426137
-51702889 -80637589
-96440460 21703910
-63428368 -87661604
-21867466 87757373
68071158 88843907
99796656 -48870869
16711902 2120972
-98889361 45107464
56639597 -43708034
-70607306 -22488925
71885228 -26899609
45754034 -1989929
-94729227 -5288749
73244818 -88575560
83740284 -27810097
93926136 86114801
51231756 -65010718
-64846844 -75349878
-39734522 -33004344
-72389385 -97778191
-29690581 82818164
-5664021 -65096226
-67475146 90056411
86739974 -30134832
-31121886 30340859
-10083934 -50744613
7863453 97256227
97530159 24627155
-25820893 22414219
62244217 -86118316
-24283644 -96854511
88104421 35510796
29210658 -81243797
-69193813 90948612
-56052958 56881452
42481536 70505472
85650027 -87236871
37667997 28375697
-56877898 -42754606
4122111 -11176562
97005128 94188803
-99779962 82165164
-10890747 -41400314
45733109 7752994
56337428 -95371118
25662010 2361442
21609457 -88106494
83948687 71095158
10707569 -9139213
-61925850 39597852
-96429075 -85828594
-61529055 -25541054
-94838180 3511560
-88138144 -67835070
-87402590 73890452
-66606657 1730028
-34642031 -81987343
-33886000 38172312
-37117727 -79219840
-95642299 -5845868
-57948338 -20460084
-58574783 -69805009
63415296 53956910
-35997130 37205940
41058599 32780188
88255918 -64032399
-8254479 33640716
53020355 23834856
-98628421 1442713
5778709 55730787
7781146 99793068
-48881009 -94145666
1927444 3650658
-88294070 23034152
-92878894 88567151
83486038 -2248447
11946231 91895998
-94318689 57111735
22269825 98816141
99145701 97454570
37388333 -3248725
-5357686 83146741
73398596 31933114
-15792237 -11863435
-31074814 1376716
54329796 -99320117
-60215931 28635599
67977486 23301518
99474227 19840172
-62299532 32210154
19738919 -20580012
98820348 -19969256
50339989 50294335
-32898220 96971104
-50502875 67988446
-70367223 33299776
-17420408 5686202
-93164863 -26279587
-97326284 -61992665
54959388 52835444
-96351513 -42154002
94844190 36811786
-61973304 63808567
13462405 -93765751
63767975 -39205594
28571285 -68366147
82980833 88720085
-43588130 22830956
-646562 20953499
-56595900 -55845541
8803855 15547578
5692423 -64945745
38892225 -97577092
53486948 32865868
53051034 -74484031
-70676568 -68830047
17290346 85779247
39387384 62318748
-36207245 50969641
-70952786 -74943954
52899898 -21097599
-3422737 45706420
-41395547 -16498668
83173818 31969458
-85986938 -38103127
8052957 51189448
-29675144 -89311607
-11650005 20605399
15373312 86152039
-87367186 -94422077
-32909300 99474508
-99367582 6832672
-56272411 89585078
46148694 -26585657
-3499387 61178702
81085792 71073380
19624752 -23210182
19624652 -23210182
-41561872 63321678
-41434081 -96094112
71398881 -24435720
-61516317 23688849
-47813350 17643701
-6139426 24571387
15720308 -11125097
67445264 -35960422
46174053 27401649
-51545283 -73556194
47192228 7040501
-65640388 75842206
15388806 -75388406
-16493220 -25394137
49933619 -13813804
80344433 54373629
-44031698 73407565
-36598518 -13909300
-81578861 9947827
-81390184 65810711
-78126169 -59827944
-44828092 91522441
-2640247 -56204599
-12760826 -5309481
2328063 -39983725
23253098 85215151
26574982 82625390
-85024914 19800621
-14880663 85604485
-44460393 62032419
-24079210 -78341554
27540744 -43773982
83980113 88801325
-91833251 -79095139
57994302 65356811
-37320147 -49930849
77719513 -69022204
24487950 -4846453
-94130151 -32165081
-94778422 13352646
71847881 40795517
34704354 -23767994
9304093 87664181
7132937 -97098104
89299128 56650424
-46406278 76593208
-95032527 95215782
18792474 17488977
-67440137 77368556
-46942887 -63404011
37886381 59835703
35616773 87356577
53307670 72948979
-10858249 95239103
-93936311 -31572359
-32740688 40427638
-76199787 -35398187
-88785230 -29937441
42375549 -21533552
-29294370 79245136
9175172 -41936178
-40735785 -52666655
57305452 76594897
64883323 58081783
38128422 -83846385
57269292 95686356
31805546 58081899
94080880 34738646
65967536 50947340
-55662796 -93244676
-29940772 -15887697
60102004 -29500896
-43522663 74540457
33955931 81012705
-31524141 -53594431
-52633447 -96767244
36077802 79733940
21642874 -93835106
58613506 86662172
-76035694 71267882
-75059700 48994447
21631879 -76824404
-7738972 -61630514
17895901 -35879741
33460282 -78765412
-28232122 -64062087
87727950 -11750384
-75720780 -79482117
-3156520 -26846649
-11016282 -38307917
-35242535 33797594
19624702 -23210132
-8843347 -12900385
88004456 -98662553
-85650782 -50081687
88869920 -86224757
-94309812 -71590314
50604424 42750713
32192866 58255736
99146343 -88795611
-9766548 -49791465
-98466965 -50726303
12903425 76357813
90618117 -93129024
-67394081 -25142810
97286952 65124050
84742075 -47456762
46934792 23007142
72491102 -82679861
-3168107 41239571
-95754784 -61112075
-7423352 4349001
-93807569 -13774242
63027988 56748313
-50662354 53584569
85381373 -37995576
-66109533 -81475614
-96396265 32473762
-19024088 25497527
-81076069 -47432916
46982304 60909897
32121325 -77303064
34107045 28355988
1023836 -14479260
-55473513 75867765
62249153 91902103
-76906071 5160200
43115281 11773841
-47884721 33442774
-91447009 64400955
40629939 24261973
64025597 84921450
-63034652 52855408
-41579115 91216487
43871277 -90785111
-2970155 -14908811
-46140189 51532822
34580195 -9547840
-96838929 55643877
-29716810 12259790
55375130 89122979
94616422 14266196
-458607 12740301
-80393243 -89066046
19635082 -46030591
46080862 70613248
33848875 -5445709
10389211 80706935
50035993 -45473475
-15200518 -14528109
72443150 36583348
-47824537 39636409
-22938337 53770298
-48758500 41130050
-88432120 -43718780
-27315076 -98884291
-27551251 -56948378
91818666 -72306435
69184009 21689450
-31718901 -82298674
-15555721 -31503318
36835538 -27443891
-16474379 -32944632
34548305 -75240838
7676609 -1136530
-66188607 53653857
49364640 52126644
-86599914 -14275032
-28872714 43469730
23784668 16566950
-66693637 -43547483
65822283 -81467444
-95592404 68055043
-75826172 -74399977
-15189467 -72268825
17547040 -17363425
-7381583 -99737118
-80099465 50137412
-14430778 22825058
8177912 -71517560
-35274179 -65057056
-93456189 -3622145
7158038 -39607923
13006342 26400905
51996103 -97234460
-37923883 -4373977
30300551 -29718217
55744880 -84258033
9974250 -37566266
44391724 26052149
18680558 -53869279
21291933 -20177758
92331133 3972202
16415242 6253706
31293921 11745414
-42193263 80538961
2058912 78411502
-93168875 -8997220
-30584283 -18328420
-58728610 -98991985
-97877443 -98562756
-10882214 83359360
-48919037 -1829919
43997216 -75432949
97138237 -99345180
-15185216 33964777
-66745073 -71995107
-39048520 87868953
69279090 58248909
37611690 78663389
-33193424 34824520
-18074017 20380760
9675832 -48541931
-33748778 37873703
82577741 44364856
99048115 -74497250
-73913821 -79923751
-37492974 -59215138
-34562945 -62838661
-37712480 -37428200
-52981858 -44239296
-49328790 -18698197
-60929474 2428915
13799610 -75277474
-18159661 -88677169
-28208659 -69228330
76370574 26860572
-57514998 686825
44245927 29295756
-83001460 -46907356
-77181001 -22196194
-12719726 -14310345
-53001670 -53884166
89585341 95232069
-31365761 -47359425
-72791472 -68043964
-93008226 -88430779
44935115 -53096749
-11144479 4788154
-59333961 8536215
-54341876 8763935
20031 71972170
-81357490 54168489
58221169 57171524
-71717522 -70820708
-58003976 66361500
7500445 40810695
-81955680 39124484
95299597 -94769630
42956771 -83722697
97138826 23779520
-8482553 28459577
22381421 56958103
-34871161 -90609664
-10335871 -15836644
-74139190 -88729975
15425235 99104163
-63518950 -8205079
66570524 -65967241
-51896668 67917789
-5899971 63799032
39460226 59667536
-63658596 -38834895
13043339 16281320
-59030441 -43137826
-29082076 -29251934
-69564500 50503620
-54087578 -78733722
-7377378 65139626
25398984 21241012
49575493 -97276676
-27745263 19253837
-75128519 91145698
-19924179 45966729
-27744340 4169062
44893897 -1618957
-33224742 -63730456
52831568 32701725
65931329 49128970
64484582 -90539574
-75545167 29302204
-21066557 -98266979
30580842 94993503
-42108665 4952128
-3336592 -48021383
-92366087 -15328622
52016588 -30093628
-98090143 -96759825
1878722 -63407947
10557187 -60453776
-37002555 -71548065
52888294 23616137
45599504 80876893
-70919589 -35574231
38446644 -42891904
70366807 -12009836
-47978970 -53655358
99626402 -22661090
-55421445 -10560890
-37956837 70579936
85860405 60218789
95793164 9438771
-98767221 53301355
56451012 60028669
-29018852 -71633682
-91315027 -58718498
-2068099 -25497278
38405006 -33123029
51111767 81087966
-50897708 -24908026
64685784 33030155
-54193243 75256685
-23466761 -52549297
-45455616 -11713483
-43650247 -75285502
39151886 41282104
89272724 40445966
-77454281 -27783937
13198900 -30867028
41676679 52111332
-14022110 15565689
-29841518 -79396307
-37319390 -58389240
83469164 -3231219
84418604 -34868061
17865767 21054106
92972114 56777745
74933489 89614346
75535111 11809948
-45385043 4845097
-47459290 -19755713
22344400 18553682
41742175 -46001617
26679786 -46502218
39626035 -76209685
-21216080 -88649329
10042226 58296703
-11696939 69595959
48937409 -64797323
98405305 -2999102
-78149421 47584128
43339472 56153045
63779879 -73510845
72189884 -60575610
-87132580 -61020591
6546832 30577461
733705 10923874
-6034330 30789526
27179176 -75277124
30261663 -74688727
34621906 -1211189
-25302387 -83822178
89569502 -20676215
6522732 -4036253
65248975 57161728
-31455885 -98308111
-49311283 -58156575
36804656 -77957846
-39874614 28398207
-64943527 7589195
-13206107 -36139267
-79915189 -55039591
74416573 -30379994
-90330731 -43209540
-88532998 -25438280
94483026 -77586053
92808918 60725625
-34609653 -97917103
-47497357 -1751138
-79939826 -30358600
-33624623 58824396
-39400241 -89601069
20373119 10598147
-18761187 20679793
42817033 -28846927
-11269027 -19232201
75435946 -13609204
64455447 4364057
-13417423 18198164
77396647 69417815
24925133 58012625
38118958 -84583593
-30069869 84116529
-23288972 -94487372
36429819 33772531
53491812 9488418
78255401 -94424763
72245039 -14547490
-13698111 -84093287
56204254 48578310
-15930859 43196951
-17340377 -74665239
-32501934 -43495891
-83862911 -22010208
-25615381 -15956479
20965145 -72368996
16917653 5385752
22970018 -76359051
-85077116 -38955873
-39886115 -78781018
-73664629 -71619287
45721507 12847016
65546389 29201176
-25299005 -36740028
9016071 67162569
87349031 -31723368
86407774 37446941
98374962 -50059170
-89916994 57475934
30828690 31527221
-44182835 30237874
-32457220 58988756
-85608338 21202442
-64198796 91625743
77161837 46284056
-18135977 80490458
80985095 -89806161
-59018048 -96849040
31438428 430200
69544757 38036105
-57590603 67698352
-20712153 67510341
98683677 -92429962
-25002341 -40703968
18664288 36804679
-32752581 -91060288
-35871379 16746375
81163252 33133174
-30404443 -67030034
-88188967 86764989
99825217 -66824980
41175868 73094300
63928923 27732147
77490029 54810388
61350460 -51552594
60133407 -37015173
-36436350 -41827027
-33649349 -22211040
-61582509 -56060074
7166814 -21883851
-12475063 -53979298
92503824 77481358
-88995980 -24213090
56179661 -19649484
-82491663 -81216933
56132418 -70413664
285352 65200167
67460071 96316446
92597111 51072253
-18537454 60905243
10734870 -37466564
87865088 -84132635
-37833763 -86189552
50491674 -76586954
78083706 -16081694
-68700319 -54229456
-72585974 69760091
