100
76 295
142 251
-467 345
253 81
-704 464
209 -708
61 -335
-345 -66
819 617
857 -261
-421 -924
713 420
-598 -260
336 -405
-305 56
806 580
115 173
471 -935
-438 225
-886 -447
577 -489
-832 52
170 -341
600 937
-66 -551
908 139
-554 477
502 -47
353 -770
-514 47
11 -36
450 966
486 290
-270 904
924 -595
271 -628
-40 -118
561 962
-207 -550
623 167
478 -553
-451 315
-512 42
-646 -756
-491 928
918 978
-364 -103
-117 -969
-443 -285
911 4
270 -548
807 252
950 946
814 -697
931 423
-76 -583
890 989
-148 -553
720 -37
823 -512
30 400
952 929
-424 -517
-729 -105
-583 39
233 126
-466 -227
329 772
-326 -768
393 778
-963 845
-775 -111
632 426
196 32
-906 -451
282 -715
149 275
961 -979
913 239
-967 -468
-545 -136
-893 368
-881 805
-919 25
973 -350
-390 -484
194 -484
998 -149
366 -601
993 -433
467 450
691 395
-535 379
169 871
-59 -196
611 -689
935 85
-717 -708
571 -67
-366 -200
