200
-5342 9412
3154 5574
8666 -4900
4476 5903
1086 4471
-7835 8905
-1383 1872
-245 -2847
6071 -7062
449 6559
-1801 -4233
632 -1379
2954 -5201
2107 -7816
1120 -8443
3628 -1784
6817 3410
-3659 -4707
-411 -3993
1377 -4325
-4822 -7364
4779 2088
-2711 3944
1271 -5470
-6259 -2556
8168 -1245
-5890 -5628
-9027 1982
-5408 -5118
-7842 -853
2559 -4080
-6608 6223
2800 4318
8378 -994
-5417 -4701
4664 8414
-8383 9349
617 6428
-1505 -9730
-738 7941
866 -3980
-5395 -1036
-1843 -2234
-6587 -6232
-397 9287
-3313 4802
8776 -8624
-851 3405
-5410 -6049
7021 4938
2355 -8168
8139 8203
-9873 1872
1048 -5225
8585 5076
-2107 1432
-2106 2812
-4467 5500
-1275 -7215
-2957 -6536
-1839 6789
4930 5816
4211 -3238
-842 -5828
-4054 -6356
-1690 8272
3393 6591
-8168 -4375
-3852 1800
8306 3850
-3947 -6594
2201 4051
-1443 -7192
5483 -4259
2668 9130
-7805 5255
8538 4904
-7332 1602
3511 -4763
4461 9161
763 -5959
-2630 -3924
4255 -2501
-1260 -6084
1687 -8630
-5598 6220
5177 3507
-4672 -905
9081 9345
-5513 -4240
8984 9166
9998 -3902
-9981 340
5629 -7552
7124 4834
5505 3206
5291 2273
-80 1831
1650 -1035
-9917 -6597
6860 6827
8964 -4685
-3500 -8667
3388 6317
7050 7070
6847 -4665
3851 -5499
-5984 2980
9483 4526
-9765 2702
4167 5483
2239 8062
-8686 -6173
-9812 8407
-8703 7545
4465 -1409
5664 -5541
2054 -1970
3116 -1268
-9285 -1702
-88 -6595
-9906 899
-9870 -4439
-2633 4681
1339 -6710
1719 -1552
9240 -5217
9887 9208
9388 766
-3049 -6215
8754 -9383
9719 -3773
5963 -1541
1365 7338
-8199 527
-23 -3425
4043 -6603
-966 -2702
-7009 6603
3259 -9741
-6941 7539
6975 5885
-6199 511
-6701 2280
-6421 4357
9982 -8373
7303 9247
-9992 -1764
-1803 -1479
-4418 -1326
2368 -7908
-3177 3591
-7280 -2757
8430 -4804
-6176 -9033
-2372 -885
-8898 3456
3012 -584
-2614 -7208
-3616 9431
-4286 -3578
3048 -9098
-7715 -2402
-5428 -3988
8528 -3977
3629 -4227
3010 2852
6979 -8511
-4588 -1608
4272 9920
2441 4615
-2309 5961
1602 1053
2455 679
726 183
8092 919
9694 265
-6873 5054
-7956 3954
1275 1265
-8047 -9458
3686 -9418
3186 7462
-9888 3126
-8046 -2470
3967 -2461
5390 9012
4736 -7411
-3994 8546
4815 212
-6742 3087
3235 7514
-8594 1045
9161 -9739
5793 -4649
-3504 -5736
-1696 -7455
-2521 2917
-3996 3954
5335 -4148
