200
-9987 1
-9887 -5
-9787 3
-9687 -4
-9587 1
-9487 2
-9387 -1
-9287 1
-9187 1
-9087 -1
-8987 -1
-8887 -2
-8787 -1
-8687 1
-8587 -5
-8487 1
-8387 -2
-8287 -2
-8187 5
-8087 -3
-7987 -1
-7887 -5
-7787 5
-7687 2
-7587 5
-7487 -5
-7387 2
-7287 3
-7187 -5
-7087 1
-6987 3
-6887 2
-6787 2
-6687 -5
-6587 -2
-6487 4
-6387 3
-6287 4
-6187 3
-6087 0
-5987 -4
-5887 4
-5787 3
-5687 1
-5587 0
-5487 -3
-5387 3
-5287 3
-5187 3
-5087 -3
-4987 3
-4887 1
-4787 -1
-4687 4
-4587 4
-4487 -1
-4387 1
-4287 0
-4187 -3
-4087 -1
-3987 3
-3887 1
-3787 -3
-3687 -4
-3587 2
-3487 -2
-3387 -5
-3287 -2
-3187 -4
-3087 2
-2987 -5
-2887 -2
-2787 2
-2687 1
-2587 2
-2487 1
-2387 -2
-2287 1
-2187 -1
-2087 -4
-1987 0
-1887 0
-1787 2
-1687 0
-1587 5
-1487 4
-1387 -4
-1287 2
-1187 -2
-1087 4
-987 4
-887 5
-787 2
-687 -5
-587 5
-487 4
-387 2
-287 -2
-187 -2
-87 -3
13 -1
113 0
213 -1
313 3
413 2
513 -3
613 -1
713 -1
813 0
913 -3
1013 4
1113 -4
1213 5
1313 4
1413 -5
1513 -3
1613 3
1713 -2
1813 -3
1913 3
2013 -3
2113 0
2213 0
2313 -4
2413 -4
2513 -1
2613 -1
2713 0
2813 1
2913 -2
3013 -4
3113 0
3213 -5
3313 3
3413 0
3513 -4
3613 2
3713 -5
3813 2
3913 -2
4013 -3
4113 -5
4213 4
4313 -5
4413 5
4513 -3
4613 1
4713 3
4813 1
4913 -5
5013 3
5113 -5
5213 -2
5313 0
5413 3
5513 3
5613 -1
5713 2
5813 -4
5913 0
6013 -5
6113 4
6213 -2
6313 0
6413 -1
6513 -3
6613 4
6713 2
6813 0
6913 1
7013 -4
7113 -4
7213 4
7313 -3
7413 1
7513 -4
7613 5
7713 1
7813 -3
7913 -4
8013 0
8113 0
8213 2
8313 -1
8413 0
8513 -1
8613 2
8713 4
8813 -1
8913 -5
9013 -1
9113 3
9213 -1
9313 1
9413 -3
9513 2
9613 0
9713 -3
9813 -2
9913 -2
