200
970 -733
-542 70
-516 819
-735 -92
309 526
933 691
622 -875
-431 194
-382 18
578 142
-301 933
112 -946
-549 593
410 969
-825 858
-132 -237
585 -481
-337 730
-541 -646
719 478
729 718
-786 -720
-735 -922
209 835
-840 908
764 737
-849 12
-590 -598
299 255
708 -277
310 -37
-715 -790
455 374
689 -604
58 -342
498 18
692 -817
530 -669
465 -892
-251 -292
-250 1
100 712
-485 698
-174 -617
-952 -145
-82 321
977 607
-132 -236
-486 -321
-338 34
987 879
-488 -549
486 -9
371 265
548 982
-564 687
-906 779
-137 773
-815 -858
154 80
-588 340
-946 -239
716 -769
199 -653
-410 -138
663 692
671 116
-882 324
-629 31
-200 925
-847 -930
305 316
869 -503
740 -102
-484 -950
-40 -808
976 35
-493 -850
-620 -296
157 -987
-226 -367
899 -817
-82 -483
200 824
-980 -712
-803 155
-427 -749
831 246
-191 -202
984 584
-475 -420
655 224
994 91
-267 -504
-515 817
921 -877
-404 715
241 166
-742 992
-90 -705
941 434
-240 -791
676 -57
26 774
-286 -867
145 958
-654 -635
-954 -35
-546 702
-229 608
-607 -70
-38 -766
124 36
808 -278
-764 679
893 241
-733 21
157 -248
-450 89
-996 -361
381 993
203 248
-153 -229
840 -54
473 -440
-312 159
-756 812
-250 277
-243 -29
868 624
-196 218
939 -487
874 362
-239 34
441 -281
504 -808
97 -102
927 184
-777 -470
893 -804
-988 283
-859 252
136 466
682 -707
262 278
542 245
-472 920
335 -805
27 226
461 927
949 972
-692 702
295 -193
123 -229
465 347
241 -228
-716 -518
736 649
-132 -238
350 -109
76 307
270 -533
-487 -365
-503 -591
7 -713
739 -553
-53 805
-969 -380
-744 140
448 -279
-363 -698
270 857
-982 -2
-687 609
-590 970
415 -777
-353 -522
639 -267
567 -786
-764 -146
-89 436
-441 374
-404 -34
741 112
-131 -237
-5 476
-282 156
-12 544
363 170
854 -649
413 619
-916 35
-157 958
-971 515
-344 -463
-384 339
15 -117
-133 -287
645 -624
450 959
