35
15616853 16647572
16491180 17454226
25993395 27198882
18783898 19733647
25224869 26393624
12797593 13670762
22625201 23210071
9514242 10685573
17333427 18098977
23916265 24821882
15090680 15954436
14015230 15364536
20275556 21371248
2041923 3009429
7570133 8613602
9119733 9841609
10492199 11491509
24549083 25318648
17805817 19060452
23035762 23939376
12171945 12829434
19373788 20736129
3595957 4737458
5240263 6264192
21031193 22218725
11277324 12346072
1220646 2145972
8354514 9342814
4461957 5478005
2647601 3827706
22045800 22714599
401761 1560104
5831183 6962618
13461276 14548880
6792284 7962727
