70
41690513 43001471
44993973 46001394
5295574 6409245
15397979 16295381
24804989 25699846
45796176 46596380
20293556 21406921
48997480 50297048
17490122 18499923
15997891 17105413
10190485 11003872
46306165 47100467
27004069 27907083
19696524 20695009
9407870 10401930
33006608 34293412
36006258 36999446
41009413 42103526
14605366 15593975
38898678 39891242
2707874 3697941
22792270 24106682
10702090 11891295
6197548 7100737
29607800 30702300
28392608 29302694
18202097 19095698
3291117 4395338
306051 1593807
36697535 37708665
47296883 48496917
24408681 25101456
13103942 14109245
4190394 4891237
4703310 5697021
6804503 7592974
23901367 24595596
39596603 40496781
46797348 47590147
7295921 8201530
1400264 2193211
30501066 31395896
43807053 44508638
44290808 45296674
16901851 17703098
21897326 23208017
43291305 44001028
48298696 49405003
12394391 13398669
40197911 41398391
29004435 29793313
8599492 9892335
38107297 39305934
18999728 19990525
26399682 27394848
27792191 28799890
32395937 33397949
35291819 36407990
25603501 26594186
7994721 8994243
33999531 34802794
42698031 43500667
37492695 38494851
31805694 32791051
31305946 32091617
11505224 12596393
1903390 3101127
13892490 14807992
34495023 35506872
20995846 22300685
