100
14594118 15496961
18696520 19608909
50595863 51903208
39301481 40206087
67891775 69190567
19892800 20899999
39999094 41107878
45907381 46496740
3609123 4497127
6894014 8104556
27801578 28804362
4301927 5203136
48403111 49394444
36901143 38094095
10003140 11104182
51500098 52400435
42102092 43008072
54608309 55695895
37701850 38898016
12502239 13292600
32193758 32994170
57690217 58493774
2708887 3905865
62401468 63503836
69400579 70297838
24003091 25095770
29208856 30095307
1909802 3008344
26393131 27093449
18003312 18895590
44294435 45392317
11408524 12290945
56196551 57008304
34093017 35103909
26804877 28000420
17107233 18209185
60301595 61091782
55398911 56302379
7801848 8993835
5591619 6391360
46391925 47406223
16503345 17404116
64006786 65297350
52702049 53509985
34907514 36008116
66596775 67408947
16000311 16803808
65796229 66909584
59108557 60001509
29809292 31005361
60801087 61900257
43591875 44504876
53292852 54090303
38594937 39693563
23408139 24402820
35597653 36599518
36409393 37193247
53795665 54803171
12095020 12800091
70209518 71091814
67099693 68306527
41405307 42296476
21894875 22905724
52093890 52993057
31409128 32291946
47902202 48704579
33396772 34307342
56691940 57497745
61498595 62792718
58293623 59393150
45096608 46004671
59900109 60604977
47198857 48095602
305700 1597303
49903310 50995802
28502699 29607082
22700885 23696291
57303498 58000044
64905576 66003102
90000120 99898572
15205552 16301119
10802751 11809018
68892790 69697178
30593651 31593774
24695736 25998095
6190923 7193701
1299594 2309604
32706729 33697617
49098439 50091860
40797144 41591707
42801206 43709828
21103211 22098437
13106727 14209559
5108217 5709033
9408647 10305397
25799774 26605397
63309783 64401931
8907030 9707172
13904267 14804710
20700468 21397520
